Current dist mean: [0.05       0.01       0.04000001 0.10000001]
Current dist cov: [[ 5.0388515e-02  6.2186700e-11 -2.4715519e-10 -2.8990144e-11]
 [ 6.2186700e-11  1.0709686e-02  2.9217517e-11 -7.0826900e-11]
 [-2.8990144e-11 -2.5352165e-11  3.8401049e-02 -7.6715878e-10]
 [ 4.3667114e-10 -1.6257218e-11 -5.3807980e-10  9.1425419e-02]]
Current dist mean: [0.1        0.03       0.06       0.12499999]
Current dist cov: [[ 6.7594945e-02  4.0060399e-10  6.1467631e-10 -1.8610535e-10]
 [ 8.3483087e-10  1.9893309e-02  2.2220092e-10 -4.5986326e-11]
 [ 2.4752467e-10  2.3484859e-10  3.6472969e-02  2.9427838e-10]
 [ 5.5661076e-10  4.7606363e-11  5.2492055e-10  7.3837578e-02]]
Current dist mean: [0.065      0.05499999 0.075      0.09999999]
Current dist cov: [[ 4.6110753e-02  5.9799277e-11  4.6622972e-10  2.9217517e-11]
 [-6.4119376e-11  3.9923977e-02  4.8885340e-12 -1.6962076e-10]
 [ 3.0934189e-10 -4.9681148e-11  4.8303585e-02  1.0523991e-09]
 [ 5.4910743e-11  2.9945113e-10  1.2817054e-09  6.5881558e-02]]
Current dist mean: [0.20000002 0.15000002 0.25       0.27817833]
Current dist cov: [[ 1.6255178e-01  9.3132257e-10 -2.3283064e-10 -1.1641532e-10]
 [-1.0477379e-09  1.2801035e-01  2.9103830e-09  4.6566129e-10]
 [-1.9790605e-09  1.9790605e-09  1.8950462e-01 -6.9849193e-10]
 [-1.5133992e-09 -2.3283064e-09  5.3551048e-09  2.2579852e-01]]
Current dist mean: [0.   0.01 0.03 0.04]
Current dist cov: [[ 3.08972411e-03  0.00000000e+00  0.00000000e+00  0.00000000e+00]
 [ 0.00000000e+00  1.02324635e-02 -2.91038305e-11 -3.18323146e-11]
 [ 0.00000000e+00 -2.91038305e-11  3.21897268e-02 -7.36690708e-11]
 [ 0.00000000e+00 -1.81898940e-12 -7.36690708e-11  4.14897278e-02]]
Current dist mean: [0.05       0.01       0.04000001 0.10000001]
Current dist cov: [[ 5.0440595e-02  6.2186700e-11 -2.4715519e-10 -2.8990144e-11]
 [ 6.2186700e-11  1.0448716e-02  2.9217517e-11 -7.0826900e-11]
 [-2.8990144e-11 -2.5352165e-11  3.9986357e-02 -7.6715878e-10]
 [ 4.3667114e-10 -1.6257218e-11 -5.3807980e-10  9.2722520e-02]]
Current dist mean: [0.1        0.03       0.0596797  0.12499999]
Current dist cov: [[ 6.7641541e-02  4.0060399e-10  1.8161472e-10 -1.8610535e-10]
 [ 8.3483087e-10  2.2588661e-02  2.5170266e-10 -4.5986326e-11]
 [ 5.2386895e-10  1.4338752e-10  4.9234658e-02  6.4332539e-10]
 [ 5.5661076e-10  4.7606363e-11  8.6532737e-10  7.3788263e-02]]
Current dist mean: [0.20000002 0.14972433 0.24965432 0.2941969 ]
Current dist cov: [[ 1.6255207e-01 -9.3132257e-10  1.2805685e-09  1.7462298e-09]
 [-5.8207661e-10  1.3725841e-01 -2.3283064e-10 -1.3969839e-09]
 [ 2.3283064e-10  2.3283064e-10  1.9465670e-01  4.7730282e-09]
 [-1.5133992e-09  2.3283064e-09  4.7730282e-09  2.1676122e-01]]
Current dist mean: [0.065      0.04955995 0.07705442 0.09999999]
Current dist cov: [[ 4.6111081e-02  1.3653789e-10  6.0424554e-10  2.9217517e-11]
 [-3.2628122e-11  5.3110953e-02 -8.9244168e-11 -3.2548542e-10]
 [ 6.2220806e-10 -1.1118573e-10  5.5626750e-02 -2.0679636e-10]
 [ 5.4910743e-11 -7.8102858e-11 -5.4876637e-10  6.7709900e-02]]
Current dist mean: [0.         0.00776679 0.03       0.04      ]
Current dist cov: [[ 3.0900873e-03  0.0000000e+00  0.0000000e+00  0.0000000e+00]
 [ 0.0000000e+00  1.4882908e-02 -2.9103830e-11 -3.0013325e-11]
 [ 0.0000000e+00 -3.0013325e-11  3.2190092e-02 -7.3669071e-11]
 [ 0.0000000e+00 -9.0949470e-13 -7.3669071e-11  4.1490089e-02]]
Current dist mean: [0.         0.065      0.03       0.04000001]
Current dist cov: [[ 3.0897241e-03  0.0000000e+00  0.0000000e+00  0.0000000e+00]
 [ 0.0000000e+00  4.3610733e-02  6.5483619e-11 -2.2191671e-10]
 [ 0.0000000e+00  2.3646862e-10  3.2189727e-02 -1.4551915e-10]
 [ 0.0000000e+00  1.0913936e-11 -1.4915713e-10  4.1489728e-02]]
Current dist mean: [0.20000002 0.15       0.25       0.27817854]
Current dist cov: [[ 1.12332806e-01  1.28056854e-09  1.74622983e-10 -2.32830644e-09]
 [ 1.04773790e-09  1.28008917e-01  4.07453626e-10  4.65661287e-10]
 [ 7.56699592e-10  1.16415322e-09  1.89474791e-01  1.04773790e-09]
 [-1.39698386e-09  9.31322575e-10  2.44472176e-09  2.25330949e-01]]
Current dist mean: [0.05052054 0.055      0.10993122 0.10000002]
Current dist cov: [[ 4.7058035e-02 -3.0831870e-10  1.8823221e-02 -3.2969183e-11]
 [-1.4824764e-10  3.9857350e-02 -5.2932592e-10 -1.6916601e-10]
 [ 1.8823223e-02 -5.8776095e-10  9.1598660e-02 -8.8311936e-10]
 [-3.2810021e-10 -4.0245141e-10 -1.3524186e-09  6.5767005e-02]]
Current dist mean: [0.20000002 0.15       0.24973652 0.2941974 ]
Current dist cov: [[ 1.1233306e-01  1.2805685e-09 -1.4551915e-09 -2.9103830e-10]
 [ 1.0477379e-09  1.2778109e-01 -1.6298145e-09  1.1641532e-10]
 [ 8.7311491e-10  1.1641532e-09  1.9352734e-01 -1.7462298e-09]
 [-2.0954758e-09  1.9790605e-09  1.5133992e-09  2.1445863e-01]]
Current dist mean: [0.06499281 0.055      0.14359087 0.10000002]
Current dist cov: [[ 4.3369062e-02 -2.5693225e-10  1.7347632e-02 -3.0706815e-10]
 [-1.8417268e-11  3.9910927e-02 -2.7466740e-10 -1.6916601e-10]
 [ 1.7347632e-02 -3.6129677e-10  8.3110422e-02  9.5383257e-10]
 [-4.8532911e-10 -4.0245141e-10  7.3146111e-10  6.7709252e-02]]
Current dist mean: [0.05       0.01       0.04000001 0.10000001]
Current dist cov: [[ 5.0440595e-02  6.2186700e-11 -2.4715519e-10 -2.8990144e-11]
 [ 6.2186700e-11  1.0448716e-02  2.9217517e-11 -7.0826900e-11]
 [-2.8990144e-11 -2.5352165e-11  3.9986357e-02 -7.6715878e-10]
 [ 4.3667114e-10 -1.6257218e-11 -5.3807980e-10  9.2722520e-02]]
Current dist mean: [0.         0.065      0.03       0.04000001]
Current dist cov: [[ 3.0900873e-03  0.0000000e+00  0.0000000e+00  0.0000000e+00]
 [ 0.0000000e+00  4.6728320e-02  6.5483619e-11 -2.2191671e-10]
 [ 0.0000000e+00  2.3646862e-10  3.2190088e-02 -1.4551915e-10]
 [ 0.0000000e+00  1.0913936e-11 -1.4915713e-10  4.1490089e-02]]
Current dist mean: [0.         0.00776679 0.03       0.04      ]
Current dist cov: [[ 3.0900873e-03  0.0000000e+00  0.0000000e+00  0.0000000e+00]
 [ 0.0000000e+00  1.4882908e-02 -2.9103830e-11 -3.0013325e-11]
 [ 0.0000000e+00 -3.0013325e-11  3.2190092e-02 -7.3669071e-11]
 [ 0.0000000e+00 -9.0949470e-13 -7.3669071e-11  4.1490089e-02]]
Current dist mean: [0.20000002 0.15       0.16500002 0.25       0.2781785 ]
Current dist cov: [[ 1.12332806e-01  1.28056854e-09  3.36998440e-02  1.74622983e-10
  -6.98491931e-10]
 [ 1.04773790e-09  1.28008917e-01  8.96062329e-02  4.07453626e-10
   3.25962901e-09]
 [ 3.36998440e-02  8.96062329e-02  7.28353113e-02  4.65661287e-10
   1.62981451e-09]
 [ 6.98491931e-10  1.16415322e-09  2.27009878e-09  1.89474791e-01
   2.44472176e-09]
 [-1.33877620e-09  2.96859071e-09  2.91038305e-10  2.15368345e-09
   2.25331008e-01]]
Current dist mean: [0.05       0.01       0.25       0.10000001]
Current dist cov: [[ 5.0440244e-02  4.5929482e-11  2.9103830e-11  3.4924597e-10]
 [ 3.6379788e-12  1.0231839e-02 -4.2973625e-11 -3.6379788e-12]
 [ 2.9103830e-10 -4.2746251e-11  1.1389233e-01  6.1390892e-11]
 [-8.7311491e-11 -3.6379788e-12 -4.0427039e-10  9.0464249e-02]]
Current dist mean: [0.         0.04610698 0.05373485 0.04796768]
Current dist cov: [[0.00308972 0.         0.         0.        ]
 [0.         0.04432262 0.00290091 0.00618862]
 [0.         0.00290091 0.05185405 0.00056782]
 [0.         0.00618862 0.00056782 0.04334334]]
Current dist mean: [0.20000002 0.15       0.16500002 0.24973652 0.29419738]
Current dist cov: [[ 1.1233306e-01  1.2805685e-09  3.3699922e-02 -1.4551915e-09
  -2.6193447e-09]
 [ 1.0477379e-09  1.2778109e-01  8.9446761e-02 -1.6298145e-09
   3.5506673e-09]
 [ 3.3699922e-02  8.9446761e-02  7.2723702e-02  6.4028427e-10
   8.7311491e-10]
 [ 9.3132257e-10  1.1641532e-09  1.3387762e-09  1.9352734e-01
  -1.1059456e-09]
 [-3.5506673e-09  2.6193447e-09 -8.7311491e-10  1.1641532e-10
   2.1445863e-01]]
Current dist mean: [0.06499281 0.055      0.14359087 0.10000002]
Current dist cov: [[ 4.3369062e-02 -2.5693225e-10  1.7347632e-02 -3.0706815e-10]
 [-1.8417268e-11  3.9910927e-02 -2.7466740e-10 -1.6916601e-10]
 [ 1.7347632e-02 -3.6129677e-10  8.3110422e-02  9.5383257e-10]
 [-4.8532911e-10 -4.0245141e-10  7.3146111e-10  6.7709252e-02]]
Current dist mean: [0.20000002 0.15       0.24973652 0.2941974 ]
Current dist cov: [[ 1.1233306e-01  1.2805685e-09 -1.4551915e-09 -2.9103830e-10]
 [ 1.0477379e-09  1.2778109e-01 -1.6298145e-09  1.1641532e-10]
 [ 8.7311491e-10  1.1641532e-09  1.9352734e-01 -1.7462298e-09]
 [-2.0954758e-09  1.9790605e-09  1.5133992e-09  2.1445863e-01]]
Current dist mean: [0.05       0.01       0.25       0.10000001]
Current dist cov: [[ 5.0440591e-02  4.5929482e-11  2.9103830e-11  3.4924597e-10]
 [ 3.6379788e-12  1.3433947e-02 -4.2973625e-11 -3.6379788e-12]
 [ 2.9103830e-10 -4.2746251e-11  1.1353162e-01  6.1390892e-11]
 [-8.7311491e-11 -3.6379788e-12 -4.0427039e-10  9.2458323e-02]]
Current dist mean: [0.         0.06500001 0.25       0.225     ]
Current dist cov: [[ 3.0897241e-03  0.0000000e+00  0.0000000e+00  0.0000000e+00]
 [ 0.0000000e+00  4.3610740e-02 -3.7834980e-10  5.8207661e-11]
 [ 0.0000000e+00  1.6007107e-10  1.1547052e-01  0.0000000e+00]
 [ 0.0000000e+00  3.0559022e-10  4.3655746e-10  1.1370758e-01]]
Current dist mean: [0.06499281 0.055      0.14359087 0.10000002]
Current dist cov: [[ 4.3369062e-02 -2.5693225e-10  1.7347632e-02 -3.0706815e-10]
 [-1.8417268e-11  3.9910927e-02 -2.7466740e-10 -1.6916601e-10]
 [ 1.7347632e-02 -3.6129677e-10  8.3110422e-02  9.5383257e-10]
 [-4.8532911e-10 -4.0245141e-10  7.3146111e-10  6.7709252e-02]]
Current dist mean: [0.20000002 0.15       0.16500002 0.24973652 0.29419738]
Current dist cov: [[ 1.1233306e-01  1.2805685e-09  3.3699922e-02 -1.4551915e-09
  -2.6193447e-09]
 [ 1.0477379e-09  1.2778109e-01  8.9446761e-02 -1.6298145e-09
   3.5506673e-09]
 [ 3.3699922e-02  8.9446761e-02  7.2723702e-02  6.4028427e-10
   8.7311491e-10]
 [ 9.3132257e-10  1.1641532e-09  1.3387762e-09  1.9352734e-01
  -1.1059456e-09]
 [-3.5506673e-09  2.6193447e-09 -8.7311491e-10  1.1641532e-10
   2.1445863e-01]]
Current dist mean: [0.20000002 0.15       0.24973652 0.2941974 ]
Current dist cov: [[ 1.1233306e-01  1.2805685e-09 -1.4551915e-09 -2.9103830e-10]
 [ 1.0477379e-09  1.2778109e-01 -1.6298145e-09  1.1641532e-10]
 [ 8.7311491e-10  1.1641532e-09  1.9352734e-01 -1.7462298e-09]
 [-2.0954758e-09  1.9790605e-09  1.5133992e-09  2.1445863e-01]]
Current dist mean: [0.         0.06500001 0.25       0.2231974 ]
Current dist cov: [[ 3.0900873e-03  0.0000000e+00  0.0000000e+00  0.0000000e+00]
 [ 0.0000000e+00  4.6522185e-02 -3.7834980e-10 -6.5483619e-10]
 [ 0.0000000e+00  1.6007107e-10  1.1495115e-01  1.4551915e-10]
 [ 0.0000000e+00  3.7834980e-10  5.8207661e-10  1.1794058e-01]]
Current dist mean: [0.05       0.01       0.25       0.10000001]
Current dist cov: [[ 5.0440591e-02  4.5929482e-11  2.9103830e-11  3.4924597e-10]
 [ 3.6379788e-12  1.3433947e-02 -4.2973625e-11 -3.6379788e-12]
 [ 2.9103830e-10 -4.2746251e-11  1.1353162e-01  6.1390892e-11]
 [-8.7311491e-11 -3.6379788e-12 -4.0427039e-10  9.2458323e-02]]
Current dist mean: [0.16495955 0.055      0.1881609  0.09999999]
Current dist cov: [[ 8.7681204e-02  5.6638783e-10  3.5072479e-02  1.0052190e-09]
 [ 1.0493295e-09  3.9927341e-02  7.9944584e-10 -1.2641976e-10]
 [ 3.5072479e-02  6.3937478e-10  8.7089941e-02  1.0231815e-09]
 [-4.4974513e-10 -3.5925041e-10  5.2705218e-10  6.5774105e-02]]
Current dist mean: [0.20000002 0.15000002 0.25       0.27817833]
Current dist cov: [[ 1.6265178e-01  9.3132257e-10 -2.3283064e-10 -1.1641532e-10]
 [-1.0477379e-09  1.2801035e-01  2.9103830e-09  4.6566129e-10]
 [-1.9790605e-09  1.9790605e-09  1.8950462e-01 -6.9849193e-10]
 [-1.5133992e-09 -2.3283064e-09  5.3551048e-09  2.2579852e-01]]
Current dist mean: [0.05       0.01       0.44750005 0.10000001]
Current dist cov: [[ 5.0440248e-02  3.4560799e-11 -9.8953024e-10  0.0000000e+00]
 [ 4.5474735e-11  1.0240630e-02 -2.4749995e-03 -5.5479177e-11]
 [-5.8207661e-11 -2.4749991e-03  1.7393695e-01  1.3387762e-09]
 [ 0.0000000e+00 -5.6388672e-11 -5.2386895e-10  9.0464078e-02]]
Current dist mean: [0.1649997  0.055      0.19041197 0.09999999]
Current dist cov: [[ 8.7668173e-02  8.1649887e-10  3.5067253e-02  1.0782060e-09]
 [ 1.0697931e-09  4.1771788e-02  9.3632480e-10 -1.2641976e-10]
 [ 3.5067253e-02  9.3223207e-10  8.6428046e-02  2.8003342e-09]
 [ 5.9867489e-10 -3.5925041e-10  1.3887984e-09  6.7707241e-02]]
Current dist mean: [0.20000002 0.14972433 0.24965432 0.2941969 ]
Current dist cov: [[ 1.6265206e-01 -9.3132257e-10  1.2805685e-09  1.7462298e-09]
 [-5.8207661e-10  1.3725841e-01 -2.3283064e-10 -1.3969839e-09]
 [ 2.3283064e-10  2.3283064e-10  1.9465670e-01  4.7730282e-09]
 [-1.5133992e-09  2.3283064e-09  4.7730282e-09  2.1676122e-01]]
Current dist mean: [0.06499281 0.055      0.14359087 0.10000002]
Current dist cov: [[ 4.3369062e-02 -2.5693225e-10  1.7347632e-02 -3.0706815e-10]
 [-1.8417268e-11  3.9910927e-02 -2.7466740e-10 -1.6916601e-10]
 [ 1.7347632e-02 -3.6129677e-10  8.3110422e-02  9.5383257e-10]
 [-4.8532911e-10 -4.0245141e-10  7.3146111e-10  6.7709252e-02]]
Current dist mean: [0.20000002 0.15       0.16500002 0.24973652 0.29419738]
Current dist cov: [[ 1.1233306e-01  1.2805685e-09  3.3699922e-02 -1.4551915e-09
  -2.6193447e-09]
 [ 1.0477379e-09  1.2778109e-01  8.9446761e-02 -1.6298145e-09
   3.5506673e-09]
 [ 3.3699922e-02  8.9446761e-02  7.2723702e-02  6.4028427e-10
   8.7311491e-10]
 [ 9.3132257e-10  1.1641532e-09  1.3387762e-09  1.9352734e-01
  -1.1059456e-09]
 [-3.5506673e-09  2.6193447e-09 -8.7311491e-10  1.1641532e-10
   2.1445863e-01]]
Current dist mean: [0.20000002 0.15       0.24973652 0.2941974 ]
Current dist cov: [[ 1.1233306e-01  1.2805685e-09 -1.4551915e-09 -2.9103830e-10]
 [ 1.0477379e-09  1.2778109e-01 -1.6298145e-09  1.1641532e-10]
 [ 8.7311491e-10  1.1641532e-09  1.9352734e-01 -1.7462298e-09]
 [-2.0954758e-09  1.9790605e-09  1.5133992e-09  2.1445863e-01]]
Current dist mean: [0.20000002 0.20000002 0.25       0.27817836]
Current dist cov: [[ 1.1233281e-01 -6.1118044e-10 -7.8580342e-10 -3.4924597e-09]
 [-6.1118044e-10  1.1036886e-01 -2.6193447e-10 -1.7462298e-10]
 [-1.1641532e-10 -3.4924597e-10  1.8950351e-01 -2.6193447e-09]
 [ 1.7462298e-09 -3.4924597e-10 -2.6193447e-09  2.2509763e-01]]
Current dist mean: [0.24999999 0.14999998 0.25       0.2781784 ]
Current dist cov: [[ 1.1456382e-01  9.3132257e-10 -3.4924597e-10 -1.8044375e-09]
 [ 8.7311491e-10  1.2800892e-01  1.3387762e-09  1.4551915e-09]
 [ 4.6566129e-10  1.3969839e-09  1.8950346e-01 -2.8521754e-09]
 [-1.3387762e-09  3.3760443e-09 -2.8521754e-09  2.2488776e-01]]
Current dist mean: [0.24999999 0.14999998 0.2496543  0.2941972 ]
Current dist cov: [[ 1.1456404e-01  9.3132257e-10  1.2805685e-09  2.9103830e-10]
 [ 8.7311491e-10  1.2835118e-01  1.1059456e-09  6.9849193e-10]
 [-4.6566129e-10  3.6670826e-09  1.9464540e-01 -2.2118911e-09]
 [-2.2700988e-09  7.5669959e-10 -1.6880222e-09  2.1574990e-01]]
Current dist mean: [0.20000002 0.20000002 0.24965437 0.29419696]
Current dist cov: [[ 1.1233307e-01 -6.1118044e-10 -1.7462298e-10  5.8207661e-10]
 [-6.1118044e-10  1.1089751e-01  2.2700988e-09  1.0768417e-09]
 [ 1.5133992e-09  1.3387762e-09  1.9464467e-01 -5.2386895e-10]
 [ 3.4924597e-10  8.4401108e-10 -5.2386895e-10  2.1787556e-01]]
Current dist mean: [0.06499281 0.055      0.14359087 0.10000002]
Current dist cov: [[ 4.3369062e-02 -2.5693225e-10  1.7347632e-02 -3.0706815e-10]
 [-1.8417268e-11  3.9910927e-02 -2.7466740e-10 -1.6916601e-10]
 [ 1.7347632e-02 -3.6129677e-10  8.3110422e-02  9.5383257e-10]
 [-4.8532911e-10 -4.0245141e-10  7.3146111e-10  6.7709252e-02]]
Current dist mean: [0.1649997  0.055      0.19041197 0.09999999]
Current dist cov: [[ 8.7668173e-02  8.1649887e-10  3.5067253e-02  1.0782060e-09]
 [ 1.0697931e-09  4.1771788e-02  9.3632480e-10 -1.2641976e-10]
 [ 3.5067253e-02  9.3223207e-10  8.6428046e-02  2.8003342e-09]
 [ 5.9867489e-10 -3.5925041e-10  1.3887984e-09  6.7707241e-02]]
Current dist mean: [0.20000002 0.15       0.16500002 0.24973652 0.29419738]
Current dist cov: [[ 1.1233306e-01  1.2805685e-09  3.3699922e-02 -1.4551915e-09
  -2.6193447e-09]
 [ 1.0477379e-09  1.2778109e-01  8.9446761e-02 -1.6298145e-09
   3.5506673e-09]
 [ 3.3699922e-02  8.9446761e-02  7.2723702e-02  6.4028427e-10
   8.7311491e-10]
 [ 9.3132257e-10  1.1641532e-09  1.3387762e-09  1.9352734e-01
  -1.1059456e-09]
 [-3.5506673e-09  2.6193447e-09 -8.7311491e-10  1.1641532e-10
   2.1445863e-01]]
Current dist mean: [0.20000005 0.12500001 0.06000001 0.08750001 0.14750001 0.25000003
 0.27817842]
Current dist cov: [[ 1.12332821e-01 -3.78349796e-10  3.36998366e-02  0.00000000e+00
   3.36998478e-02 -9.02218744e-10  3.92901711e-10]
 [ 2.91038305e-11  7.21413717e-02 -1.96450856e-10  5.04989512e-02
   5.04989624e-02 -5.52972779e-10  3.78349796e-10]
 [ 3.36998403e-02 -1.09139364e-10  1.01109548e-02 -2.18278728e-11
   1.01109548e-02  0.00000000e+00 -7.27595761e-11]
 [-5.23868948e-10  5.04989512e-02 -1.45519152e-10  3.53502631e-02
   3.53502631e-02 -3.20142135e-10 -1.06228981e-09]
 [ 3.36998515e-02  5.04989624e-02  1.01109548e-02  3.53502631e-02
   4.54622172e-02 -1.89174898e-09  1.07684173e-09]
 [-1.70257408e-09 -8.73114914e-11 -3.20142135e-10  5.67524694e-10
  -8.44011083e-10  1.89421788e-01  6.35918695e-09]
 [ 2.25554686e-09  1.54250301e-09  1.60071068e-10 -2.91038305e-10
   1.45519152e-10  4.61295713e-09  2.25797608e-01]]
Current dist mean: [0.20000005 0.12529828 0.06000001 0.08770879 0.1477088  0.2505181
 0.2941972 ]
Current dist cov: [[ 1.12333074e-01 -6.69388101e-10  3.36999148e-02 -4.22005542e-10
   3.36999185e-02 -2.32830644e-09 -1.46974344e-09]
 [-1.74622983e-10  7.84814209e-02 -3.56521923e-10  5.49369976e-02
   5.49369901e-02 -1.19325705e-09  2.18278728e-10]
 [ 3.36999185e-02 -3.71073838e-10  1.01109771e-02 -6.54836185e-11
   1.01109771e-02  2.18278728e-11 -5.38420863e-10]
 [-1.45519152e-11  5.49369976e-02 -1.20053301e-10  3.84568907e-02
   3.84568907e-02  6.40284270e-10 -1.62981451e-09]
 [ 3.36999185e-02  5.49369901e-02  1.01109771e-02  3.84568907e-02
   4.85688746e-02 -8.14907253e-10  1.67347025e-09]
 [ 9.31322575e-10 -2.38651410e-09 -2.25554686e-10 -7.56699592e-10
   1.45519152e-10  1.92055225e-01  6.75208867e-09]
 [ 2.25554686e-09  6.83940016e-10 -7.27595761e-11 -1.28056854e-09
   7.27595761e-10  1.00408215e-09  2.16738611e-01]]
Current dist mean: [0.06499281 0.055      0.14359087 0.10000002]
Current dist cov: [[ 4.3369062e-02 -2.5693225e-10  1.7347632e-02 -3.0706815e-10]
 [-1.8417268e-11  3.9910927e-02 -2.7466740e-10 -1.6916601e-10]
 [ 1.7347632e-02 -3.6129677e-10  8.3110422e-02  9.5383257e-10]
 [-4.8532911e-10 -4.0245141e-10  7.3146111e-10  6.7709252e-02]]
Current dist mean: [0.1649997  0.055      0.19041197 0.09999999]
Current dist cov: [[ 8.7668173e-02  8.1649887e-10  3.5067253e-02  1.0782060e-09]
 [ 1.0697931e-09  4.1771788e-02  9.3632480e-10 -1.2641976e-10]
 [ 3.5067253e-02  9.3223207e-10  8.6428046e-02  2.8003342e-09]
 [ 5.9867489e-10 -3.5925041e-10  1.3887984e-09  6.7707241e-02]]
Current dist mean: [0.20000002 0.15       0.16500002 0.24973652 0.29419738]
Current dist cov: [[ 1.1233306e-01  1.2805685e-09  3.3699922e-02 -1.4551915e-09
  -2.6193447e-09]
 [ 1.0477379e-09  1.2778109e-01  8.9446761e-02 -1.6298145e-09
   3.5506673e-09]
 [ 3.3699922e-02  8.9446761e-02  7.2723702e-02  6.4028427e-10
   8.7311491e-10]
 [ 9.3132257e-10  1.1641532e-09  1.3387762e-09  1.9352734e-01
  -1.1059456e-09]
 [-3.5506673e-09  2.6193447e-09 -8.7311491e-10  1.1641532e-10
   2.1445863e-01]]
Current dist mean: [0.20000002 0.20000002 0.24965437 0.29419696]
Current dist cov: [[ 1.1233307e-01 -6.1118044e-10 -1.7462298e-10  5.8207661e-10]
 [-6.1118044e-10  1.1089751e-01  2.2700988e-09  1.0768417e-09]
 [ 1.5133992e-09  1.3387762e-09  1.9464467e-01 -5.2386895e-10]
 [ 3.4924597e-10  8.4401108e-10 -5.2386895e-10  2.1787556e-01]]
Current dist mean: [0.06499281 0.055      0.14359087 0.10000002]
Current dist cov: [[ 4.3369062e-02 -2.5693225e-10  1.7347632e-02 -3.0706815e-10]
 [-1.8417268e-11  3.9910927e-02 -2.7466740e-10 -1.6916601e-10]
 [ 1.7347632e-02 -3.6129677e-10  8.3110422e-02  9.5383257e-10]
 [-4.8532911e-10 -4.0245141e-10  7.3146111e-10  6.7709252e-02]]
Current dist mean: [0.1649997  0.055      0.19041197 0.09999999]
Current dist cov: [[ 8.7668173e-02  8.1649887e-10  3.5067253e-02  1.0782060e-09]
 [ 1.0697931e-09  4.1771788e-02  9.3632480e-10 -1.2641976e-10]
 [ 3.5067253e-02  9.3223207e-10  8.6428046e-02  2.8003342e-09]
 [ 5.9867489e-10 -3.5925041e-10  1.3887984e-09  6.7707241e-02]]
Current dist mean: [0.20000002 0.15       0.16500002 0.24973652 0.29419738]
Current dist cov: [[ 1.1233306e-01  1.2805685e-09  3.3699922e-02 -1.4551915e-09
  -2.6193447e-09]
 [ 1.0477379e-09  1.2778109e-01  8.9446761e-02 -1.6298145e-09
   3.5506673e-09]
 [ 3.3699922e-02  8.9446761e-02  7.2723702e-02  6.4028427e-10
   8.7311491e-10]
 [ 9.3132257e-10  1.1641532e-09  1.3387762e-09  1.9352734e-01
  -1.1059456e-09]
 [-3.5506673e-09  2.6193447e-09 -8.7311491e-10  1.1641532e-10
   2.1445863e-01]]
Current dist mean: [0.20000002 0.20000002 0.24965437 0.29419696]
Current dist cov: [[ 1.1233307e-01 -6.1118044e-10 -1.7462298e-10  5.8207661e-10]
 [-6.1118044e-10  1.1089751e-01  2.2700988e-09  1.0768417e-09]
 [ 1.5133992e-09  1.3387762e-09  1.9464467e-01 -5.2386895e-10]
 [ 3.4924597e-10  8.4401108e-10 -5.2386895e-10  2.1787556e-01]]
Current dist mean: [0.20000005 0.12529828 0.06000001 0.08770879 0.1477088  0.2505181
 0.2941972 ]
Current dist cov: [[ 1.12333074e-01 -6.69388101e-10  3.36999148e-02 -4.22005542e-10
   3.36999185e-02 -2.32830644e-09 -1.46974344e-09]
 [-1.74622983e-10  7.84814209e-02 -3.56521923e-10  5.49369976e-02
   5.49369901e-02 -1.19325705e-09  2.18278728e-10]
 [ 3.36999185e-02 -3.71073838e-10  1.01109771e-02 -6.54836185e-11
   1.01109771e-02  2.18278728e-11 -5.38420863e-10]
 [-1.45519152e-11  5.49369976e-02 -1.20053301e-10  3.84568907e-02
   3.84568907e-02  6.40284270e-10 -1.62981451e-09]
 [ 3.36999185e-02  5.49369901e-02  1.01109771e-02  3.84568907e-02
   4.85688746e-02 -8.14907253e-10  1.67347025e-09]
 [ 9.31322575e-10 -2.38651410e-09 -2.25554686e-10 -7.56699592e-10
   1.45519152e-10  1.92055225e-01  6.75208867e-09]
 [ 2.25554686e-09  6.83940016e-10 -7.27595761e-11 -1.28056854e-09
   7.27595761e-10  1.00408215e-09  2.16738611e-01]]
Current dist mean: [0.20000003 0.18349773 0.34       0.27817842]
Current dist cov: [[ 1.1233282e-01 -3.4924597e-10  0.0000000e+00  9.3132257e-10]
 [-6.9849193e-10  1.3035563e-01 -3.1081408e-02  2.4447218e-09]
 [-9.3132257e-10 -3.1081408e-02  2.2724125e-01  6.0535967e-09]
 [ 1.8626451e-09 -1.2805685e-09  4.1909516e-09  2.2549988e-01]]
Current dist mean: [0.06499281 0.055      0.14359087 0.10000002]
Current dist cov: [[ 4.3369062e-02 -2.5693225e-10  1.7347632e-02 -3.0706815e-10]
 [-1.8417268e-11  3.9910927e-02 -2.7466740e-10 -1.6916601e-10]
 [ 1.7347632e-02 -3.6129677e-10  8.3110422e-02  9.5383257e-10]
 [-4.8532911e-10 -4.0245141e-10  7.3146111e-10  6.7709252e-02]]
Current dist mean: [0.1649997  0.055      0.19041197 0.09999999]
Current dist cov: [[ 8.7668173e-02  8.1649887e-10  3.5067253e-02  1.0782060e-09]
 [ 1.0697931e-09  4.1771788e-02  9.3632480e-10 -1.2641976e-10]
 [ 3.5067253e-02  9.3223207e-10  8.6428046e-02  2.8003342e-09]
 [ 5.9867489e-10 -3.5925041e-10  1.3887984e-09  6.7707241e-02]]
Current dist mean: [0.20000002 0.15       0.16500002 0.24973652 0.29419738]
Current dist cov: [[ 1.1233306e-01  1.2805685e-09  3.3699922e-02 -1.4551915e-09
  -2.6193447e-09]
 [ 1.0477379e-09  1.2778109e-01  8.9446761e-02 -1.6298145e-09
   3.5506673e-09]
 [ 3.3699922e-02  8.9446761e-02  7.2723702e-02  6.4028427e-10
   8.7311491e-10]
 [ 9.3132257e-10  1.1641532e-09  1.3387762e-09  1.9352734e-01
  -1.1059456e-09]
 [-3.5506673e-09  2.6193447e-09 -8.7311491e-10  1.1641532e-10
   2.1445863e-01]]
Current dist mean: [0.20000002 0.20000002 0.24965437 0.29419696]
Current dist cov: [[ 1.1233307e-01 -6.1118044e-10 -1.7462298e-10  5.8207661e-10]
 [-6.1118044e-10  1.1089751e-01  2.2700988e-09  1.0768417e-09]
 [ 1.5133992e-09  1.3387762e-09  1.9464467e-01 -5.2386895e-10]
 [ 3.4924597e-10  8.4401108e-10 -5.2386895e-10  2.1787556e-01]]
Current dist mean: [0.20000003 0.19120173 0.34017795 0.2941972 ]
Current dist cov: [[ 1.12333074e-01  3.49245965e-10 -9.31322575e-10  0.00000000e+00]
 [-1.16415322e-10  1.26926020e-01 -3.06582451e-02  4.65661287e-09]
 [-2.32830644e-09 -3.06582432e-02  2.27939963e-01  0.00000000e+00]
 [ 1.86264515e-09  9.31322575e-10 -5.12227416e-09  2.15859741e-01]]
Current dist mean: [0.20000002 0.23183922 0.23570953 0.27817842]
Current dist cov: [[ 1.12332799e-01 -2.27009878e-09 -1.22236088e-09 -5.82076609e-11]
 [-1.51339918e-09  9.54290107e-02  5.72574064e-02 -9.31322575e-10]
 [-1.51339918e-09  5.72574064e-02  1.16472974e-01 -2.32830644e-10]
 [ 3.49245965e-10  0.00000000e+00  9.31322575e-10  2.26214573e-01]]
Current dist mean: [0.06499281 0.055      0.14359087 0.10000002]
Current dist cov: [[ 4.3369062e-02 -2.5693225e-10  1.7347632e-02 -3.0706815e-10]
 [-1.8417268e-11  3.9910927e-02 -2.7466740e-10 -1.6916601e-10]
 [ 1.7347632e-02 -3.6129677e-10  8.3110422e-02  9.5383257e-10]
 [-4.8532911e-10 -4.0245141e-10  7.3146111e-10  6.7709252e-02]]
Current dist mean: [0.1649997  0.055      0.19041197 0.09999999]
Current dist cov: [[ 8.7668173e-02  8.1649887e-10  3.5067253e-02  1.0782060e-09]
 [ 1.0697931e-09  4.1771788e-02  9.3632480e-10 -1.2641976e-10]
 [ 3.5067253e-02  9.3223207e-10  8.6428046e-02  2.8003342e-09]
 [ 5.9867489e-10 -3.5925041e-10  1.3887984e-09  6.7707241e-02]]
Current dist mean: [0.20000002 0.15       0.16500002 0.24973652 0.29419738]
Current dist cov: [[ 1.1233306e-01  1.2805685e-09  3.3699922e-02 -1.4551915e-09
  -2.6193447e-09]
 [ 1.0477379e-09  1.2778109e-01  8.9446761e-02 -1.6298145e-09
   3.5506673e-09]
 [ 3.3699922e-02  8.9446761e-02  7.2723702e-02  6.4028427e-10
   8.7311491e-10]
 [ 9.3132257e-10  1.1641532e-09  1.3387762e-09  1.9352734e-01
  -1.1059456e-09]
 [-3.5506673e-09  2.6193447e-09 -8.7311491e-10  1.1641532e-10
   2.1445863e-01]]
Current dist mean: [0.20000002 0.20000002 0.24965437 0.29419696]
Current dist cov: [[ 1.1233307e-01 -6.1118044e-10 -1.7462298e-10  5.8207661e-10]
 [-6.1118044e-10  1.1089751e-01  2.2700988e-09  1.0768417e-09]
 [ 1.5133992e-09  1.3387762e-09  1.9464467e-01 -5.2386895e-10]
 [ 3.4924597e-10  8.4401108e-10 -5.2386895e-10  2.1787556e-01]]
Current dist mean: [0.20000003 0.19120173 0.34017795 0.2941972 ]
Current dist cov: [[ 1.12333074e-01  3.49245965e-10 -9.31322575e-10  0.00000000e+00]
 [-1.16415322e-10  1.26926020e-01 -3.06582451e-02  4.65661287e-09]
 [-2.32830644e-09 -3.06582432e-02  2.27939963e-01  0.00000000e+00]
 [ 1.86264515e-09  9.31322575e-10 -5.12227416e-09  2.15859741e-01]]
Current dist mean: [0.20000002 0.25000003 0.23500003 0.17500001 0.25000003 0.27817833]
Current dist cov: [[ 1.1233281e-01  5.2386895e-10  3.3699844e-02  6.4028427e-10
  -7.5669959e-10  6.4028427e-10]
 [ 3.2014214e-10  1.1320257e-01  7.9241790e-02  7.9241790e-02
  -2.4447218e-09 -5.5297278e-10]
 [ 3.3699840e-02  7.9241790e-02  6.5581217e-02  5.5470251e-02
  -1.2805685e-09  1.7171260e-09]
 [-6.4028427e-10  7.9241797e-02  5.5470254e-02  5.5470262e-02
  -2.6775524e-09  6.9849193e-10]
 [-3.3469405e-09 -1.9790605e-09 -3.1432137e-09 -2.3574103e-09
   1.8819687e-01  1.3096724e-09]
 [-3.5797711e-09 -1.9499566e-09  1.1641532e-10  3.7252903e-09
   3.7834980e-10  2.2490269e-01]]
Current dist mean: [0.200105   0.2364134  0.09004727 0.13002737 0.22007461 0.38832095
 0.27817798]
Current dist cov: [[ 1.12290815e-01 -1.39698386e-09  5.05308695e-02  1.74622983e-10
   5.05308732e-02  5.05308732e-02  7.56699592e-10]
 [-1.94995664e-09  1.02434441e-01 -7.27595761e-11  5.63389584e-02
   5.63389584e-02  5.63389622e-02 -6.69388101e-10]
 [ 5.05308770e-02 -2.47382559e-10  2.27398854e-02  2.32830644e-10
   2.27398891e-02  2.27398891e-02 -1.16415322e-10]
 [-4.65661287e-10  5.63389510e-02 -9.45874490e-11  3.09874266e-02
   3.09874266e-02  3.09874248e-02  4.36557457e-11]
 [ 5.05308807e-02  5.63389547e-02  2.27398891e-02  3.09874266e-02
   5.37283085e-02  5.37283197e-02  1.77533366e-09]
 [ 5.05308732e-02  5.63389622e-02  2.27398891e-02  3.09874285e-02
   5.37283160e-02  1.53136775e-01  1.33877620e-09]
 [-1.19325705e-09  8.73114914e-10  5.82076609e-10  4.36557457e-11
   4.07453626e-10  1.22236088e-09  2.25087315e-01]]
Current dist mean: [0.06499281 0.055      0.14359087 0.10000002]
Current dist cov: [[ 4.3369062e-02 -2.5693225e-10  1.7347632e-02 -3.0706815e-10]
 [-1.8417268e-11  3.9910927e-02 -2.7466740e-10 -1.6916601e-10]
 [ 1.7347632e-02 -3.6129677e-10  8.3110422e-02  9.5383257e-10]
 [-4.8532911e-10 -4.0245141e-10  7.3146111e-10  6.7709252e-02]]
Current dist mean: [0.1649997  0.055      0.19041197 0.09999999]
Current dist cov: [[ 8.7668173e-02  8.1649887e-10  3.5067253e-02  1.0782060e-09]
 [ 1.0697931e-09  4.1771788e-02  9.3632480e-10 -1.2641976e-10]
 [ 3.5067253e-02  9.3223207e-10  8.6428046e-02  2.8003342e-09]
 [ 5.9867489e-10 -3.5925041e-10  1.3887984e-09  6.7707241e-02]]
Current dist mean: [0.20000002 0.15       0.16500002 0.24973652 0.29419738]
Current dist cov: [[ 1.1233306e-01  1.2805685e-09  3.3699922e-02 -1.4551915e-09
  -2.6193447e-09]
 [ 1.0477379e-09  1.2778109e-01  8.9446761e-02 -1.6298145e-09
   3.5506673e-09]
 [ 3.3699922e-02  8.9446761e-02  7.2723702e-02  6.4028427e-10
   8.7311491e-10]
 [ 9.3132257e-10  1.1641532e-09  1.3387762e-09  1.9352734e-01
  -1.1059456e-09]
 [-3.5506673e-09  2.6193447e-09 -8.7311491e-10  1.1641532e-10
   2.1445863e-01]]
Current dist mean: [0.19999956 0.23175637 0.08999981 0.12746601 0.2174658  0.3649725
 0.29419628]
Current dist cov: [[ 1.1233325e-01 -8.1490725e-10  5.0549965e-02 -5.8207661e-11
   5.0549958e-02  5.0549962e-02 -3.4924597e-10]
 [-9.3132257e-10  1.0012414e-01 -6.1118044e-10  5.5068284e-02
   5.5068295e-02  5.5068277e-02 -2.0663720e-09]
 [ 5.0549965e-02 -3.7834980e-10  2.2748487e-02 -1.4551915e-11
   2.2748485e-02  2.2748483e-02 -5.8207661e-11]
 [ 8.7311491e-11  5.5068292e-02 -1.5279511e-10  3.0288564e-02
   3.0288558e-02  3.0288557e-02 -6.9849193e-10]
 [ 5.0549962e-02  5.5068295e-02  2.2748485e-02  3.0288558e-02
   5.3038038e-02  5.3038038e-02 -5.8207661e-10]
 [ 5.0549969e-02  5.5068277e-02  2.2748480e-02  3.0288560e-02
   5.3038038e-02  1.3365775e-01 -1.1641532e-10]
 [-2.8521754e-09  8.1490725e-10  2.1827873e-10 -2.0954758e-09
  -1.4551915e-10 -3.6088750e-09  2.1495512e-01]]
Current dist mean: [0.20000002 0.25000003 0.23500003 0.17500001 0.25050893 0.2941969 ]
Current dist cov: [[ 1.1233307e-01  5.2386895e-10  3.3699922e-02  6.4028427e-10
  -1.8626451e-09 -2.5029294e-09]
 [ 3.2014214e-10  1.1413961e-01  7.9897717e-02  7.9897717e-02
  -3.2596290e-09 -9.8953024e-10]
 [ 3.3699919e-02  7.9897717e-02  6.6040382e-02  5.5929400e-02
  -2.6484486e-09  9.8953024e-10]
 [-6.4028427e-10  7.9897724e-02  5.5929404e-02  5.5929411e-02
  -1.1641532e-09 -4.0745363e-10]
 [-2.7357601e-09 -2.0954758e-09 -4.5984052e-09 -1.8626451e-09
   1.9151178e-01  2.7357601e-09]
 [-1.5716068e-09 -9.8953024e-10  1.0768417e-09  1.5425030e-09
  -7.5669959e-10  2.1673563e-01]]
Current dist mean: [0.19991513 0.12176388 0.14520925 0.08523472 0.3028198  0.27817854]
Current dist cov: [[ 1.12366773e-01 -9.31322575e-10  3.37100290e-02 -1.07684173e-09
   3.37100253e-02 -4.65661287e-10]
 [-1.39698386e-09  1.47586107e-01  1.03310272e-01  1.03310265e-01
   1.03310280e-01 -2.15368345e-09]
 [ 3.37100290e-02  1.03310265e-01  8.24322030e-02  7.23181888e-02
   8.24322030e-02 -2.61934474e-09]
 [-1.13504939e-09  1.03310272e-01  7.23181888e-02  7.23181888e-02
   7.23182037e-02 -1.62981451e-09]
 [ 3.37100253e-02  1.03310280e-01  8.24322030e-02  7.23182037e-02
   2.09595785e-01 -1.74622983e-10]
 [-2.35741027e-09 -1.30967237e-09 -1.45519152e-09 -2.32830644e-10
  -1.16415322e-10  2.25406393e-01]]
Current dist mean: [0.06499281 0.055      0.14359087 0.10000002]
Current dist cov: [[ 4.3369062e-02 -2.5693225e-10  1.7347632e-02 -3.0706815e-10]
 [-1.8417268e-11  3.9910927e-02 -2.7466740e-10 -1.6916601e-10]
 [ 1.7347632e-02 -3.6129677e-10  8.3110422e-02  9.5383257e-10]
 [-4.8532911e-10 -4.0245141e-10  7.3146111e-10  6.7709252e-02]]
Current dist mean: [0.1649997  0.055      0.19041197 0.09999999]
Current dist cov: [[ 8.7668173e-02  8.1649887e-10  3.5067253e-02  1.0782060e-09]
 [ 1.0697931e-09  4.1771788e-02  9.3632480e-10 -1.2641976e-10]
 [ 3.5067253e-02  9.3223207e-10  8.6428046e-02  2.8003342e-09]
 [ 5.9867489e-10 -3.5925041e-10  1.3887984e-09  6.7707241e-02]]
Current dist mean: [0.19999956 0.23175637 0.08999981 0.12746601 0.2174658  0.3649725
 0.29419628]
Current dist cov: [[ 1.1233325e-01 -8.1490725e-10  5.0549965e-02 -5.8207661e-11
   5.0549958e-02  5.0549962e-02 -3.4924597e-10]
 [-9.3132257e-10  1.0012414e-01 -6.1118044e-10  5.5068284e-02
   5.5068295e-02  5.5068277e-02 -2.0663720e-09]
 [ 5.0549965e-02 -3.7834980e-10  2.2748487e-02 -1.4551915e-11
   2.2748485e-02  2.2748483e-02 -5.8207661e-11]
 [ 8.7311491e-11  5.5068292e-02 -1.5279511e-10  3.0288564e-02
   3.0288558e-02  3.0288557e-02 -6.9849193e-10]
 [ 5.0549962e-02  5.5068295e-02  2.2748485e-02  3.0288558e-02
   5.3038038e-02  5.3038038e-02 -5.8207661e-10]
 [ 5.0549969e-02  5.5068277e-02  2.2748480e-02  3.0288560e-02
   5.3038038e-02  1.3365775e-01 -1.1641532e-10]
 [-2.8521754e-09  8.1490725e-10  2.1827873e-10 -2.0954758e-09
  -1.4551915e-10 -3.6088750e-09  2.1495512e-01]]
Current dist mean: [0.20000002 0.15       0.16500002 0.24973652 0.29419738]
Current dist cov: [[ 1.1233306e-01  1.2805685e-09  3.3699922e-02 -1.4551915e-09
  -2.6193447e-09]
 [ 1.0477379e-09  1.2778109e-01  8.9446761e-02 -1.6298145e-09
   3.5506673e-09]
 [ 3.3699922e-02  8.9446761e-02  7.2723702e-02  6.4028427e-10
   8.7311491e-10]
 [ 9.3132257e-10  1.1641532e-09  1.3387762e-09  1.9352734e-01
  -1.1059456e-09]
 [-3.5506673e-09  2.6193447e-09 -8.7311491e-10  1.1641532e-10
   2.1445863e-01]]
Current dist mean: [0.20000075 0.1290478  0.15033366 0.09033345 0.30540287 0.2941974 ]
Current dist cov: [[ 1.1233277e-01 -7.8580342e-10  3.3699837e-02 -1.1059456e-09
   3.3699840e-02  1.3678800e-09]
 [-5.8207661e-10  1.3883886e-01  9.7187191e-02  9.7187199e-02
   9.7187191e-02 -1.5133992e-09]
 [ 3.3699833e-02  9.7187199e-02  7.8142971e-02  6.8032034e-02
   7.8142978e-02 -5.8207661e-11]
 [ 5.2386895e-10  9.7187184e-02  6.8032034e-02  6.8032034e-02
   6.8032041e-02 -1.8044375e-09]
 [ 3.3699837e-02  9.7187191e-02  7.8142978e-02  6.8032041e-02
   2.0483229e-01  5.0640665e-09]
 [-1.9499566e-09  1.1350494e-09  7.8580342e-10 -1.0186341e-09
   1.3969839e-09  2.1562558e-01]]
Current dist mean: [0.9859804 4.3070483]
Current dist cov: [[ 4.0701356  0.       ]
 [ 0.        35.012783 ]]
Current dist mean: [0.4992436 3.9420433]
Current dist cov: [[ 7.8990536  0.       ]
 [ 0.        32.909847 ]]
Current dist mean: [0.30101806 4.9974556 ]
Current dist cov: [[12.929412  0.      ]
 [ 0.       25.32446 ]]
Current dist mean: [0.9994329 4.0080667]
Current dist cov: [[ 9.3237505  6.2499204]
 [ 6.2499204 24.085659 ]]
Current dist mean: [0.9833615 3.0331123]
Current dist cov: [[ 4.134327  0.      ]
 [ 0.       15.21625 ]]
Current dist mean: [1.1995981 4.091212 ]
Current dist cov: [[ 7.3722124  5.9651847]
 [ 5.9651847 27.482288 ]]
Current dist mean: [0.39096123 2.831003  ]
Current dist cov: [[ 5.5776787  0.       ]
 [ 0.        14.505758 ]]
Current dist mean: [1.9262257 7.236616 ]
Current dist cov: [[ 8.2625999e+00  2.9802322e-08]
 [-2.9802322e-08  1.0729623e+01]]
Current dist mean: [1.2981831 6.8447094]
Current dist cov: [[ 4.7243590e+00 -2.9802322e-08]
 [-2.9802322e-08  1.1901818e+01]]
Current dist mean: [0.66643625 4.0672717 ]
Current dist cov: [[ 4.7782     6.393273 ]
 [ 6.3932724 29.998623 ]]
Current dist mean: [0.98571074 4.3066015 ]
Current dist cov: [[ 4.0699267  0.       ]
 [ 0.        35.007458 ]]
Current dist mean: [0.6143746 4.0819707]
Current dist cov: [[ 4.4507885  6.1879654]
 [ 6.1879654 28.634817 ]]
Current dist mean: [0.75187904 3.3619783 ]
Current dist cov: [[ 4.3740807  0.       ]
 [ 0.        18.643847 ]]
