Current dist mean: [0.7231281 1.6674457 1.8674457 1.8674457]
Current dist cov: [[ 3.1025589  0.         0.         0.       ]
 [ 0.        11.361031  11.361031  11.361031 ]
 [ 0.        11.361031  11.361031  11.361031 ]
 [ 0.        11.361031  11.361031  11.3610325]]
Current dist mean: [0.7283195 1.6674457 1.8674456 1.8674456]
Current dist cov: [[ 3.5110633  0.         0.         0.       ]
 [ 0.        11.361031  11.361031  11.361031 ]
 [ 0.        11.361031  11.361031  11.361031 ]
 [ 0.        11.361031  11.361031  11.3610325]]
Current dist mean: [0.7905727 1.6674459 1.867446  1.867446 ]
Current dist cov: [[ 3.4510927e+00  2.9802322e-08 -2.9802322e-08 -2.9802322e-08]
 [ 0.0000000e+00  1.1361034e+01  1.1361033e+01  1.1361033e+01]
 [ 0.0000000e+00  1.1361033e+01  1.1361034e+01  1.1361034e+01]
 [ 0.0000000e+00  1.1361033e+01  1.1361034e+01  1.1361035e+01]]
Current dist mean: [0.7283195 1.6674457 1.8674456 1.8674456]
Current dist cov: [[ 3.5110633  0.         0.         0.       ]
 [ 0.        11.361031  11.361031  11.361031 ]
 [ 0.        11.361031  11.361031  11.361031 ]
 [ 0.        11.361031  11.361031  11.3610325]]
Current dist mean: [0.7522118 1.667446  1.867446  1.867446 ]
Current dist cov: [[ 3.54295230e+00 -2.98023224e-08 -2.98023224e-08 -2.98023224e-08]
 [ 0.00000000e+00  1.13610315e+01  1.13610315e+01  1.13610315e+01]
 [ 0.00000000e+00  1.13610315e+01  1.13610325e+01  1.13610325e+01]
 [ 0.00000000e+00  1.13610315e+01  1.13610325e+01  1.13610334e+01]]
Current dist mean: [0.7476884 1.6674459 1.867446  1.867446 ]
Current dist cov: [[ 3.51918530e+00  0.00000000e+00  2.98023224e-08  2.98023224e-08]
 [-2.98023224e-08  1.13610325e+01  1.13610325e+01  1.13610325e+01]
 [-2.98023224e-08  1.13610325e+01  1.13610325e+01  1.13610325e+01]
 [-2.98023224e-08  1.13610325e+01  1.13610325e+01  1.13610344e+01]]
Current dist mean: [0.7283195 3.0493226 3.2493224 3.2493224]
Current dist cov: [[ 3.5110633  0.         0.         0.       ]
 [ 0.        11.377323  11.377323  11.377323 ]
 [ 0.        11.377323  11.377324  11.377324 ]
 [ 0.        11.377323  11.377324  11.377326 ]]
Current dist mean: [0.7283195 1.6674457 1.8674456 1.8674456]
Current dist cov: [[ 3.5110633  0.         0.         0.       ]
 [ 0.        11.361031  11.361031  11.361031 ]
 [ 0.        11.361031  11.361031  11.361031 ]
 [ 0.        11.361031  11.361031  11.3610325]]
Current dist mean: [0.7283194 3.122454  3.3224537 3.3224537]
Current dist cov: [[ 3.5110629e+00 -2.9802322e-08 -2.9802322e-08 -2.9802322e-08]
 [ 5.9604645e-08  1.1584667e+01  1.1584667e+01  1.1584667e+01]
 [ 0.0000000e+00  1.1584667e+01  1.1584667e+01  1.1584667e+01]
 [ 0.0000000e+00  1.1584667e+01  1.1584667e+01  1.1584668e+01]]
Current dist mean: [0.75043416 1.6674457  1.8674456  1.8674456 ]
Current dist cov: [[ 3.53357720e+00 -2.98023224e-08 -2.98023224e-08 -2.98023224e-08]
 [ 0.00000000e+00  1.13610306e+01  1.13610306e+01  1.13610306e+01]
 [ 0.00000000e+00  1.13610306e+01  1.13610306e+01  1.13610306e+01]
 [ 0.00000000e+00  1.13610306e+01  1.13610306e+01  1.13610325e+01]]
Current dist mean: [0.7227428 1.6674458 1.867446  1.867446 ]
Current dist cov: [[ 3.53759050e+00  0.00000000e+00  0.00000000e+00  0.00000000e+00]
 [-8.94069672e-08  1.13610315e+01  1.13610315e+01  1.13610315e+01]
 [-2.98023224e-08  1.13610306e+01  1.13610325e+01  1.13610325e+01]
 [-2.98023224e-08  1.13610306e+01  1.13610325e+01  1.13610325e+01]]
Current dist mean: [0.7469072 1.6674458 1.8674457 1.8674457]
Current dist cov: [[ 3.51903534e+00  1.49011612e-08  4.47034836e-08  4.47034836e-08]
 [ 1.49011612e-08  1.13610315e+01  1.13610315e+01  1.13610315e+01]
 [-1.49011612e-08  1.13610315e+01  1.13610325e+01  1.13610325e+01]
 [-1.49011612e-08  1.13610315e+01  1.13610325e+01  1.13610325e+01]]
Current dist mean: [0.7372974 1.6674459 1.8674457 1.8674457]
Current dist cov: [[ 3.5285072  0.         0.         0.       ]
 [ 0.        11.361031  11.361031  11.361031 ]
 [ 0.        11.361031  11.361032  11.361032 ]
 [ 0.        11.361031  11.361032  11.3610325]]
Current dist mean: [0.94744194 4.432487  ]
Current dist cov: [[ 3.4101384  0.       ]
 [ 0.        33.20632  ]]
Current dist mean: [1.4092141 5.5517883]
Current dist cov: [[6.6798458e+00 2.3841858e-07]
 [0.0000000e+00 2.3422134e+01]]
Current dist mean: [1.0544733 5.602664 ]
Current dist cov: [[ 5.303945  0.      ]
 [ 0.       10.719822]]
Current dist mean: [0.94744194 4.432487   4.199524  ]
Current dist cov: [[  3.4101384   0.         15.115394 ]
 [  0.         33.20632    31.461061 ]
 [ 15.115394   31.461061  210.04446  ]]
Current dist mean: [0.897534  4.1932025]
Current dist cov: [[ 4.2080317  0.       ]
 [ 0.        33.729343 ]]
Current dist mean: [0.86753243 3.385775  ]
Current dist cov: [[4.1635509e+00 0.0000000e+00]
 [1.4901161e-08 2.8749990e+01]]
Current dist mean: [0.8510972 4.371917 ]
Current dist cov: [[ 4.0705023e+00 -5.9604645e-08]
 [ 0.0000000e+00  3.2308044e+01]]
Current dist mean: [0.897534  4.1932025 3.763542 ]
Current dist cov: [[  4.2080317   0.         17.645128 ]
 [  0.         33.729343   30.273233 ]
 [ 17.645128   30.273233  243.095    ]]
Current dist mean: [2.0141008 1.1562409]
Current dist cov: [[ 6.5990467  0.       ]
 [ 0.        32.06581  ]]
Current dist mean: [1.0609643 4.0981054]
Current dist cov: [[4.7614422e+00 0.0000000e+00]
 [5.9604645e-08 3.3045177e+01]]
Current dist mean: [0.9074521 4.524276 ]
Current dist cov: [[ 4.2459893 -0.6993073]
 [-0.6993074 35.956554 ]]
Current dist mean: [0.89738244 4.193612  ]
Current dist cov: [[ 4.2069583  0.       ]
 [ 0.        33.736073 ]]
Current dist mean: [0.89738244 4.193612   3.763274  ]
Current dist cov: [[  4.2069583   0.         17.642351 ]
 [  0.         33.736073   30.274158 ]
 [ 17.642351   30.274158  243.07893  ]]
Current dist mean: [0.92540157 3.7302036 ]
Current dist cov: [[ 4.2928667  0.       ]
 [ 0.        34.78027  ]]
Current dist mean: [0.9377173 4.6635246]
Current dist cov: [[ 4.10046     0.47475186]
 [ 0.47475192 35.586246  ]]
Current dist mean: [0.8957571 3.7302036]
Current dist cov: [[ 4.2154837e+00  2.9802322e-08]
 [-2.9802322e-08  3.4780266e+01]]
Current dist mean: [1.0430486 4.2473545]
Current dist cov: [[ 4.342026  0.      ]
 [ 0.       36.515285]]
Current dist mean: [0.9996555 3.7997384]
Current dist cov: [[ 9.892542  0.      ]
 [ 0.       27.23381 ]]
Current dist mean: [0.7893466 4.5635056]
Current dist cov: [[ 1.2706322e+01  2.3841858e-07]
 [-2.3841858e-07  2.9363857e+01]]
Current dist mean: [1.0430486 4.2473545 4.4301972]
Current dist cov: [[  4.342026   0.        18.442125]
 [  0.        36.515285  38.08722 ]
 [ 18.442125  38.08722  276.60736 ]]
Current dist mean: [0.9984399  0.50000006 2.9942055 ]
Current dist cov: [[ 8.0345020e+00  3.8417056e-09 -1.1175871e-08]
 [ 6.1277163e-08  8.3322495e-02  4.1437432e-02]
 [-1.1175871e-08  4.1437402e-02  2.2404938e+01]]
Current dist mean: [0.9404656 3.3901572]
Current dist cov: [[4.8615570e+00 0.0000000e+00]
 [1.1920929e-07 2.2534916e+01]]
Current dist mean: [0.5        0.51903373 2.0252433  1.401514  ]
Current dist cov: [[8.3322488e-02 8.6494364e-02 3.3749664e-01 3.5034430e-01]
 [8.6494364e-02 3.0414510e+00 3.5034430e-01 9.0044718e+00]
 [3.3749664e-01 3.5034430e-01 1.2591482e+01 9.9573402e+00]
 [3.5034430e-01 9.0044718e+00 9.9573402e+00 9.1059570e+01]]
Current dist mean: [0.5       1.0219537 4.4490304]
Current dist cov: [[8.3322510e-02 3.6334336e-02 2.9918738e-08]
 [3.6334343e-02 8.7433205e+00 2.1606684e-07]
 [2.9976945e-08 9.6857548e-08 3.0158268e+01]]
Current dist mean: [1.0408909 3.4527154]
Current dist cov: [[ 4.3616333e+00 -1.1920929e-07]
 [ 1.1920929e-07  2.6643375e+01]]
Current dist mean: [1.0074219  0.50000006 2.6532412 ]
Current dist cov: [[ 5.0619907e+00 -3.6961865e-09 -3.7252903e-09]
 [ 2.9103830e-11  8.3322495e-02  4.0654084e-03]
 [-1.8253922e-07  4.0654689e-03  2.6899233e+01]]
Current dist mean: [0.5       1.046389  4.2507596]
Current dist cov: [[ 8.3322510e-02  2.7734123e-02 -2.0954758e-08]
 [ 2.7734131e-02  4.7447886e+00  7.6368451e-08]
 [-2.0954758e-08  1.3411045e-07  2.9263807e+01]]
Current dist mean: [1.0074217 3.3023045]
Current dist cov: [[ 5.0619893  0.       ]
 [ 0.        32.038467 ]]
Current dist mean: [1.043481  4.2469373]
Current dist cov: [[ 4.343291  0.      ]
 [ 0.       36.520718]]
Current dist mean: [0.99950093 4.0176272 ]
Current dist cov: [[ 4.894976  0.      ]
 [ 0.       41.35166 ]]
Current dist mean: [1.5034299 3.9795952]
Current dist cov: [[ 9.8232498e+00 -4.7683716e-07]
 [-4.7683716e-07  3.3591866e+01]]
Current dist mean: [0.69719064 3.747763  ]
Current dist cov: [[12.256665  0.      ]
 [ 0.       50.60234 ]]
Current dist mean: [0.5       0.9204111 4.0058603]
Current dist cov: [[ 0.0833225  -0.3524376  -0.63623804]
 [-0.3524376   5.0249925   3.4518435 ]
 [-0.63623804  3.4518435  31.18758   ]]
Current dist mean: [0.9998973 4.0192685 4.0188556]
Current dist cov: [[  4.9670587   0.         19.963942 ]
 [  0.         40.679398   40.67522  ]
 [ 19.963942   40.67522   322.96848  ]]
Current dist mean: [0.5       1.0934227 4.883636 ]
Current dist cov: [[ 0.0833225  -0.30617523 -0.68426895]
 [-0.30617523  6.3714905   3.225122  ]
 [-0.68426895  3.2251222  33.972164  ]]
Current dist mean: [0.41820914 0.79551864 2.1098154 ]
Current dist cov: [[ 0.7410838  1.4096918  3.7386794]
 [ 1.4096918  3.5754747  7.111727 ]
 [ 3.7386794  7.111727  40.406982 ]]
Current dist mean: [0.9993289 4.018258  4.0155616]
Current dist cov: [[  4.8966846   0.         19.676144 ]
 [  0.         41.397903   41.37012  ]
 [ 19.676144   41.37012   323.11865  ]]
Current dist mean: [ 0.5        -0.32923564  1.3476548 ]
Current dist cov: [[ 0.0833225   0.05495519  0.09883854]
 [ 0.05495519  8.488859    0.08361514]
 [ 0.09883851  0.0836149  45.82972   ]]
Current dist mean: [1.3743176 3.8340132 5.2691507]
Current dist cov: [[ 7.2314124e+00 -2.3841858e-07  2.7725330e+01]
 [ 0.0000000e+00  3.4063362e+01  4.6813877e+01]
 [ 2.7725330e+01  4.6813873e+01  4.1696262e+02]]
Current dist mean: [0.43384326 0.99162936 2.7807748 ]
Current dist cov: [[ 0.848023   1.9383141  5.435514 ]
 [ 1.9383141  4.595187  12.423877 ]
 [ 5.435514  12.423877  46.57731  ]]
Current dist mean: [0.5       0.5895962 4.2263336]
Current dist cov: [[ 0.0833225  -0.40628976 -0.9773423 ]
 [-0.40628976  4.770138    6.1126833 ]
 [-0.9773423   6.1126833  40.27655   ]]
Current dist mean: [0.5        0.43713182 3.8495114 ]
Current dist cov: [[ 0.0833225  -0.46407276 -1.068326  ]
 [-0.46407276  5.311109    7.632014  ]
 [-1.068326    7.632014   40.130978  ]]
Current dist mean: [0.9992935 4.0181932]
Current dist cov: [[ 4.8934984  0.       ]
 [ 0.        41.34275  ]]
Current dist mean: [0.9992933 4.0181932 4.0153537]
Current dist cov: [[  4.893496   0.        19.663013]
 [  0.        41.342762  41.313545]
 [ 19.663013  41.313545 322.6048  ]]
Current dist mean: [0.5       1.6917957 4.869455 ]
Current dist cov: [[ 0.0833225  -0.14080139 -0.68965214]
 [-0.14080139  8.369628    1.4948107 ]
 [-0.68965214  1.4948108  33.391586  ]]
Current dist mean: [0.49999997 0.32029793 3.9649022 ]
Current dist cov: [[ 0.0833225 -0.2613632 -0.8224954]
 [-0.2613632  5.782522   3.3092315]
 [-0.8224954  3.3092315 34.361664 ]]
Current dist mean: [0.35998726 0.6330251  1.8417635 ]
Current dist cov: [[  2.112384    3.714554   10.807361 ]
 [  3.714554    9.0878725  19.004368 ]
 [ 10.807361   19.004368  109.26981  ]]
Current dist mean: [0.5       1.1336069 5.5840964]
Current dist cov: [[ 0.0833225  -0.27647933 -0.3453451 ]
 [-0.27647933  4.439423    1.4698236 ]
 [-0.3453451   1.4698236   9.093422  ]]
Current dist mean: [0.4039243 0.7885499 2.081387  9.35751  ]
Current dist cov: [[  0.7670492   1.4974504   3.9525385   3.0324006]
 [  1.4974504   4.0727324   7.7162323   8.101608 ]
 [  3.9525385   7.7162323  43.05522    31.941378 ]
 [  3.0324006   8.101608   31.941378  290.64737  ]]
Current dist mean: [0.5        0.29603446 3.2644317 ]
Current dist cov: [[ 0.0833225  -0.47653717 -1.2213225 ]
 [-0.4765372   5.38256     8.959349  ]
 [-1.2213224   8.959349   43.96753   ]]
Current dist mean: [0.5        0.34536228 2.864233  ]
Current dist cov: [[ 0.0833225  -0.47724658 -1.3241671 ]
 [-0.47724658  5.418603    9.728253  ]
 [-1.3241671   9.728253   39.98534   ]]
Current dist mean: [0.491308  1.1451595 3.8769116]
Current dist cov: [[ 0.6312248  1.471283   4.980995 ]
 [ 1.471283   4.512567  11.609894 ]
 [ 4.980995  11.609894  41.63254  ]]
Current dist mean: [ 0.35558057  0.8166355   2.5731864  12.327806  ]
Current dist cov: [[  0.6153207   1.4131615   4.452816    1.74595  ]
 [  1.4131615   4.19168    10.226452    8.376011 ]
 [  4.452816   10.226452   36.9615     19.574032 ]
 [  1.74595     8.376011   19.574032  145.52289  ]]
Current dist mean: [0.5       0.9375495 4.2107024]
Current dist cov: [[ 0.0833225  -0.31418824 -0.9830647 ]
 [-0.31418824  5.6731176   4.7546806 ]
 [-0.9830647   4.7546806  40.024582  ]]
Current dist mean: [0.5       1.0624597 4.895143 ]
Current dist cov: [[ 0.08332251 -0.30604997 -0.6853897 ]
 [-0.30604997  6.2529173   3.2290833 ]
 [-0.6853897   3.2290833  33.880875  ]]
Current dist mean: [0.5       0.7172167 4.0125237]
Current dist cov: [[ 0.0833225  -0.4278312  -0.76748693]
 [-0.4278312   5.1392026   5.054669  ]
 [-0.76748693  5.054669   33.46551   ]]
Current dist mean: [ 0.5         0.35998726  0.6330251   1.8417633  20.170248  ]
Current dist cov: [[ 8.3322495e-02  6.7075387e-02  1.1794975e-01  3.4317043e-01
  -3.3189085e+00]
 [ 6.7075387e-02  2.1123838e+00  3.7145538e+00  1.0807359e+01
   2.0559649e+00]
 [ 1.1794974e-01  3.7145538e+00  9.0878706e+00  1.9004366e+01
   6.1010518e+00]
 [ 3.4317043e-01  1.0807359e+01  1.9004366e+01  1.0926980e+02
   2.8561138e+01]
 [-3.3189085e+00  2.0559649e+00  6.1010518e+00  2.8561138e+01
   2.2483115e+03]]
Current dist mean: [0.50000006 0.89097077 2.1972387  0.35824692]
Current dist cov: [[ 8.3322495e-02 -4.4284847e-02 -1.7136043e-01 -1.7468665e-15]
 [-4.4284847e-02  5.3195729e+00  7.9034948e+00  1.1980796e+00]
 [-1.7136043e-01  7.9034948e+00  3.5190624e+01  2.9546053e+00]
 [-1.7468665e-15  1.1980796e+00  2.9546053e+00  4.8173118e-01]]
Current dist mean: [0.6713452 1.1849192 3.440658 ]
Current dist cov: [[ 0.81056064  1.4306335   4.15414   ]
 [ 1.4306335   4.092122    7.3320265 ]
 [ 4.15414     7.3320265  51.96236   ]]
Current dist mean: [0.5        0.26049215 2.8530183 ]
Current dist cov: [[ 0.0833225  -0.48507378 -1.3261489 ]
 [-0.48507378  5.5676484   9.902604  ]
 [-1.326149    9.902604   44.94494   ]]
Current dist mean: [0.5        0.32614928 2.0442948 ]
Current dist cov: [[ 0.0833225  -0.48005235 -1.5325828 ]
 [-0.48005235  5.4367313  11.325616  ]
 [-1.5325828  11.325616   46.31109   ]]
Current dist mean: [ 0.31297895  0.7954847   2.635395   13.509213  ]
Current dist cov: [[  0.533267    1.3553813   4.490299    2.3731341]
 [  1.3553813   4.332901   11.412797   10.576914 ]
 [  4.490299   11.412797   38.572445   21.160736 ]
 [  2.3731341  10.576914   21.160736  140.64641  ]]
Current dist mean: [0.5        0.57715946 3.239904  ]
Current dist cov: [[ 0.0833225  -0.40374348 -1.2279618 ]
 [-0.40374348  4.570637    7.6320214 ]
 [-1.2279618   7.632021   43.700287  ]]
Current dist mean: [0.4585686 1.1419574 4.0139394]
Current dist cov: [[ 0.53855956  1.3411561   4.7141156 ]
 [ 1.3411561   4.5858974  11.739398  ]
 [ 4.7141156  11.739398   41.353596  ]]
Current dist mean: [ 0.50353044  0.8579531   2.5409088  10.524029  ]
Current dist cov: [[  0.9704553   1.653535    4.8970995   5.535173 ]
 [  1.653535    4.17618     8.344048   12.751854 ]
 [  4.8970995   8.344048   33.79225    36.59297  ]
 [  5.535173   12.751854   36.59297   287.80917  ]]
Current dist mean: [0.49999994 0.90571904 1.7559471  5.0651865 ]
Current dist cov: [[ 8.3322495e-02 -1.9210758e-02 -1.7894268e-01 -4.3343541e-01]
 [-1.9210758e-02  1.2147830e+00  2.7935979e+00  7.8023577e+00]
 [-1.7894268e-01  2.7935979e+00  1.3106309e+01  1.9251404e+01]
 [-4.3343541e-01  7.8023577e+00  1.9251404e+01  9.3499695e+01]]
Current dist mean: [0.5       1.7265588 4.9802837]
Current dist cov: [[ 0.0833225  -0.14511058 -0.6166816 ]
 [-0.14511058  8.164261    1.3775566 ]
 [-0.6166816   1.3775564  19.839752  ]]
Current dist mean: [0.5        0.63534313 4.072544  ]
Current dist cov: [[ 0.0833225  -0.43755442 -0.8866045 ]
 [-0.4375544   5.2449293   5.971883  ]
 [-0.8866045   5.971883   37.03203   ]]
Current dist mean: [0.49469638 0.96907234 2.5322616 ]
Current dist cov: [[ 0.6963884  1.3641717  3.5646868]
 [ 1.3641717  3.859385   6.9829493]
 [ 3.5646868  6.9829493 40.65801  ]]
Current dist mean: [ 0.31018713  0.79161733  2.6232219  13.597748  ]
Current dist cov: [[  0.53381824   1.3623383    4.5144477    2.455739  ]
 [  1.3623383    4.3552885   11.52116     10.764477  ]
 [  4.5144477   11.52116     38.770073    21.682224  ]
 [  2.455739    10.764477    21.682224   142.94247   ]]
Current dist mean: [0.5        0.25814706 2.5514705 ]
Current dist cov: [[ 0.0833225  -0.48537973 -1.40302   ]
 [-0.48537973  5.571972   10.483222  ]
 [-1.40302    10.483223   42.231056  ]]
Current dist mean: [0.5        0.32727107 2.8307846 ]
Current dist cov: [[ 0.0833225  -0.46733654 -1.3318216 ]
 [-0.46733654  5.157608    9.581314  ]
 [-1.3318216   9.581314   44.671474  ]]
Current dist mean: [0.5       0.3239679 1.7630044]
Current dist cov: [[ 0.0833225  -0.48037502 -1.6041805 ]
 [-0.480375    5.43878    11.862683  ]
 [-1.6041805  11.862683   49.52847   ]]
Current dist mean: [0.4574139 1.1414803 4.01819  ]
Current dist cov: [[ 0.5357437  1.3369529  4.7062845]
 [ 1.3369529  4.5891094 11.744573 ]
 [ 4.7062845 11.744573  41.342743 ]]
Current dist mean: [ 0.40793753  0.7988005   2.1280465  10.002502  ]
Current dist cov: [[  0.8127984   1.5915767   4.2400436   2.483584 ]
 [  1.5915767   4.3268647   8.302619    6.908541 ]
 [  4.2400436   8.302619   45.868668   28.02128  ]
 [  2.483584    6.908541   28.02128   373.40994  ]]
Current dist mean: [0.5       2.0450273 4.871619 ]
Current dist cov: [[ 0.08332251 -0.22905417 -0.6881728 ]
 [-0.22905417 10.409294    2.4265258 ]
 [-0.6881728   2.4265258  33.161198  ]]
Current dist mean: [0.5        0.9049029  2.4813027  0.39823347 9.968076  ]
Current dist cov: [[ 8.3322510e-02 -7.7257425e-02 -1.9362402e-01  3.5797711e-09
  -1.4773654e+00]
 [-7.7257439e-02  5.6978941e+00  7.7227383e+00  1.0906398e+00
   1.0855215e+01]
 [-1.9362406e-01  7.7227383e+00  3.6207317e+01  2.9906054e+00
   2.5312214e+01]
 [ 0.0000000e+00  1.0906398e+00  2.9906054e+00  4.7997344e-01
   6.3231778e-01]
 [-1.4773655e+00  1.0855215e+01  2.5312214e+01  6.3231778e-01
   2.7456226e+02]]
Current dist mean: [0.5        0.7839176  2.1556966  0.42524973 8.766912  ]
Current dist cov: [[ 8.3322495e-02 -9.6123159e-02 -2.1338339e-01  1.1796120e-16
  -1.6369373e+00]
 [-9.6123159e-02  3.5468426e+00  7.0770235e+00  1.1238062e+00
   1.8643391e+01]
 [-2.1338339e-01  7.0770235e+00  3.6767876e+01  3.0903573e+00
   5.4790657e+01]
 [ 1.1796120e-16  1.1238062e+00  3.0903573e+00  6.0962826e-01
   5.7504640e+00]
 [-1.6369373e+00  1.8643391e+01  5.4790657e+01  5.7504640e+00
   3.4577170e+02]]
Current dist mean: [0.43526313 0.8320998  2.2083292  8.732403  ]
Current dist cov: [[  0.7108689   1.35898     3.6066291   5.6151233]
 [  1.35898     3.5678499   6.8948526  12.826272 ]
 [  3.6066291   6.8948526  39.647118   45.837875 ]
 [  5.6151233  12.826272   45.837875  265.58884  ]]
Current dist mean: [ 0.31024736  0.7916174   2.6232214  13.597746  ]
Current dist cov: [[  0.5340256   1.3626028   4.5153246   2.4562201]
 [  1.3626028   4.355288   11.521158   10.76449  ]
 [  4.5153246  11.521158   38.770073   21.682262 ]
 [  2.4562201  10.76449    21.682262  142.94235  ]]
Current dist mean: [0.5        0.24409372 2.529357  ]
Current dist cov: [[ 0.0833225  -0.48835865 -1.4086386 ]
 [-0.48835865  5.663114   10.589798  ]
 [-1.4086387  10.589798   42.057518  ]]
Current dist mean: [0.5       0.254493  2.2703133]
Current dist cov: [[ 0.0833225  -0.48585457 -1.4746726 ]
 [-0.48585457  5.5787334  11.029379  ]
 [-1.4746726  11.029379   42.28115   ]]
Current dist mean: [0.5        0.32396773 1.7629777 ]
Current dist cov: [[ 0.0833225  -0.48037496 -1.6041871 ]
 [-0.4803749   5.43878    11.86273   ]
 [-1.6041871  11.86273    49.52878   ]]
Current dist mean: [0.45693448 1.1414812  4.018192  ]
Current dist cov: [[ 0.5346205  1.3355509  4.701348 ]
 [ 1.3355509  4.589107  11.744572 ]
 [ 4.701348  11.744572  41.342728 ]]
Current dist mean: [0.49999994 0.4554266  0.869465   2.3283432  9.013859  ]
Current dist cov: [[ 8.3322495e-02 -5.1768374e-02 -9.3507357e-02 -2.5811163e-01
   2.6898837e-01]
 [-5.1768377e-02  6.9508862e-01  1.3538915e+00  3.5866766e+00
   2.4421964e+00]
 [-9.3507357e-02  1.3538915e+00  3.7424557e+00  6.9894457e+00
   6.9769602e+00]
 [-2.5811163e-01  3.5866766e+00  6.9894457e+00  4.0159595e+01
   2.9215479e+01]
 [ 2.6898834e-01  2.4421964e+00  6.9769602e+00  2.9215479e+01
   2.6799463e+02]]
Current dist mean: [ 0.5        2.023262   4.8795276 10.417155 ]
Current dist cov: [[ 8.3322495e-02 -5.1536392e-02 -6.8645054e-01 -1.6403425e+00]
 [-5.1536392e-02  9.7074785e+00  5.4459369e-01  2.6996212e+01]
 [-6.8645054e-01  5.4459369e-01  3.4058868e+01  6.9255066e+01]
 [-1.6403424e+00  2.6996212e+01  6.9255066e+01  5.8389508e+02]]
Current dist mean: [0.50000006 1.170022   4.88788    8.842486  ]
Current dist cov: [[ 8.3322495e-02 -2.9691154e-01 -6.8339759e-01 -2.2508578e+00]
 [-2.9691154e-01  4.6581907e+00  3.1235592e+00  2.2205704e+01]
 [-6.8339759e-01  3.1235595e+00  3.2879013e+01  4.1872059e+01]
 [-2.2508583e+00  2.2205704e+01  4.1872059e+01  2.8245340e+02]]
Current dist mean: [0.5       0.5140454 0.7819967 2.237067  8.498313 ]
Current dist cov: [[ 8.3322495e-02  5.1931869e-02 -2.1785999e-02  1.0898079e-02
  -1.2374135e+00]
 [ 5.1931866e-02  6.6453516e-01  1.1156894e+00  3.1155589e+00
   4.0388761e+00]
 [-2.1785999e-02  1.1156894e+00  3.5493469e+00  6.7489328e+00
   1.3943388e+01]
 [ 1.0898077e-02  3.1155589e+00  6.7489328e+00  3.6386467e+01
   4.3436752e+01]
 [-1.2374135e+00  4.0388756e+00  1.3943388e+01  4.3436752e+01
   2.9158459e+02]]
Current dist mean: [ 0.6713452  1.1849192  3.440658  11.408929 ]
Current dist cov: [[  0.81056064   1.4306335    4.15414     11.322473  ]
 [  1.4306335    4.092122     7.3320265   26.074772  ]
 [  4.15414      7.3320265   51.96236     99.08358   ]
 [ 11.322473    26.074772    99.08358    541.4146    ]]
Current dist mean: [ 0.31030768  0.791618    2.6232238  13.59774   ]
Current dist cov: [[  0.53423196   1.3628654    4.5161953    2.4567018 ]
 [  1.3628654    4.355284    11.521149    10.764505  ]
 [  4.5161953   11.521149    38.770035    21.682316  ]
 [  2.4567018   10.764505    21.682316   142.94228   ]]
Current dist mean: [0.5        0.24269617 2.2508216 ]
Current dist cov: [[ 0.0833225  -0.4886095  -1.4796185 ]
 [-0.48860946  5.668509   11.129123  ]
 [-1.4796183  11.129123   42.31504   ]]
Current dist mean: [0.5       0.2525167 2.0188496]
Current dist cov: [[ 0.0833225  -0.48611286 -1.5387442 ]
 [-0.4861129   5.582446   11.514708  ]
 [-1.5387442  11.514708   44.79898   ]]
Current dist mean: [0.5        0.32396773 1.7629788 ]
Current dist cov: [[ 0.0833225  -0.48037496 -1.6041875 ]
 [-0.4803749   5.4387794  11.862732  ]
 [-1.6041875  11.862732   49.5288    ]]
Current dist mean: [0.4570167 1.1414809 4.0181932]
Current dist cov: [[ 0.53481287  1.3357908   4.7021947 ]
 [ 1.3357908   4.5891056  11.744572  ]
 [ 4.7021947  11.744572   41.342747  ]]
Current dist mean: [0.50000006 0.57592803 0.9567552  2.9292612  5.9205427 ]
Current dist cov: [[ 8.3322510e-02 -1.0983609e-01 -3.2225913e-01 -6.2851501e-01
  -1.5453161e+00]
 [-1.0983609e-01  8.4803963e-01  5.4487848e-01  3.1801891e+00
   1.9684703e+00]
 [-3.2225916e-01  5.4487848e-01  5.1792712e+00  3.1179574e+00
   1.3694767e+01]
 [-6.2851489e-01  3.1801891e+00  3.1179574e+00  4.3370888e+01
   3.3232750e+01]
 [-1.5453161e+00  1.9684703e+00  1.3694767e+01  3.3232750e+01
   2.8199390e+02]]
Current dist mean: [0.5       1.6997561 5.50456  ]
Current dist cov: [[ 0.0833225  -0.14151542 -0.5301612 ]
 [-0.14151542  8.172016    1.154944  ]
 [-0.5301612   1.154944   30.774946  ]]
Current dist mean: [0.5        1.1462685  4.0122185  0.57313424 2.0061092  1.5329766 ]
Current dist cov: [[8.3322488e-02 0.0000000e+00 0.0000000e+00 9.5509939e-02 3.3430803e-01
  3.8320678e-01]
 [0.0000000e+00 1.1556961e+01 0.0000000e+00 5.7784801e+00 0.0000000e+00
  1.4497775e+01]
 [0.0000000e+00 0.0000000e+00 4.0921844e+01 0.0000000e+00 2.0460920e+01
  1.4861727e+01]
 [9.5509939e-02 5.7784801e+00 0.0000000e+00 3.9616749e+00 3.8320675e-01
  1.1072693e+01]
 [3.3430803e-01 0.0000000e+00 2.0460920e+01 3.8320675e-01 1.4981487e+01
  1.2490028e+01]
 [3.8320678e-01 1.4497775e+01 1.4861727e+01 1.1072693e+01 1.2490028e+01
  1.2598564e+02]]
Current dist mean: [0.5        0.66533625 4.73227   ]
Current dist cov: [[ 0.0833225  -0.43629485 -0.7206928 ]
 [-0.43629485  5.2655067   4.8403816 ]
 [-0.7206928   4.8403816  33.740986  ]]
Current dist mean: [0.35336375 0.5        0.910115   1.9351625  8.927677  ]
Current dist cov: [[7.5804168e-01 0.0000000e+00 1.4160894e+00 3.8295598e+00 6.2257032e+00]
 [0.0000000e+00 8.3322488e-02 4.1661251e-02 2.4996744e-02 1.0337120e-01]
 [1.4160894e+00 4.1661251e-02 3.6285048e+00 7.1664572e+00 1.3544047e+01]
 [3.8295598e+00 2.4996744e-02 7.1664572e+00 4.0176811e+01 5.0433777e+01]
 [6.2257032e+00 1.0337120e-01 1.3544047e+01 5.0433777e+01 2.6925012e+02]]
Current dist mean: [ 0.3103698   0.79161775  2.6232233  13.597739  ]
Current dist cov: [[  0.53444606   1.3631384    4.5171003    2.457193  ]
 [  1.3631384    4.3552847   11.521149    10.7645035 ]
 [  4.5171003   11.521149    38.770046    21.682304  ]
 [  2.457193    10.7645035   21.682304   142.94229   ]]
Current dist mean: [0.5        0.24205521 2.0016165 ]
Current dist cov: [[ 0.0833225  -0.48871997 -1.5431273 ]
 [-0.48871997  5.6708417  11.609435  ]
 [-1.5431273  11.609435   45.018898  ]]
Current dist mean: [0.5        0.25201482 1.7828333 ]
Current dist cov: [[ 0.0833225 -0.4861795 -1.5988896]
 [-0.4861795  5.5834026 11.966424 ]
 [-1.5988896 11.966424  48.6919   ]]
Current dist mean: [0.5        0.32396755 1.7629784 ]
Current dist cov: [[ 0.0833225  -0.48037505 -1.6041873 ]
 [-0.48037502  5.438781   11.862732  ]
 [-1.6041873  11.862734   49.528797  ]]
Current dist mean: [0.4571761 1.1414963 4.0182457]
Current dist cov: [[ 0.53518116  1.3362626   4.7038536 ]
 [ 1.3362626   4.5891995  11.744777  ]
 [ 4.7038536  11.744777   41.343456  ]]
Current dist mean: [0.38933772 0.75905806 1.9709492  9.611767  ]
Current dist cov: [[  0.8115849   1.582277    4.1627226   2.217918 ]
 [  1.582277    4.239853    8.115702    6.718835 ]
 [  4.1627226   8.115702   42.648598   34.23372  ]
 [  2.217918    6.718835   34.23372   251.87701  ]]
Current dist mean: [ 0.5         0.19936062  0.6480423   2.448254   10.313807  ]
Current dist cov: [[ 8.3322510e-02 -1.6465060e-01 -4.1157457e-01 -1.0843503e+00
  -1.2371771e+00]
 [-1.6465060e-01  6.2946743e-01  1.5023735e+00  3.6063483e+00
   1.4776287e+00]
 [-4.1157463e-01  1.5023735e+00  6.2265925e+00  8.7272329e+00
   5.7840171e+00]
 [-1.0843503e+00  3.6063483e+00  8.7272329e+00  3.6614197e+01
   1.7072048e+01]
 [-1.2371770e+00  1.4776287e+00  5.7840171e+00  1.7072046e+01
   2.1406235e+02]]
Current dist mean: [0.5       1.4207994 4.8759756 0.5       9.930637 ]
Current dist cov: [[ 8.3322510e-02 -2.8394043e-01 -6.8700159e-01  1.5643309e-10
  -2.3605778e+00]
 [-2.8394043e-01  6.5003095e+00  3.0028539e+00  8.3322495e-02
   2.6694916e+01]
 [-6.8700159e-01  3.0028539e+00  3.3201248e+01  1.9790605e-09
   5.0212643e+01]
 [ 0.0000000e+00  8.3322495e-02  1.9790605e-09  8.3322495e-02
   4.0627837e-01]
 [-2.3605778e+00  2.6694916e+01  5.0212643e+01  4.0627837e-01
   3.8244113e+02]]
Current dist mean: [4.9999994e-01 5.7004374e-03 1.0060434e+00 5.0158014e+00 1.1235225e+01]
Current dist cov: [[ 8.3322495e-02 -1.1108240e-08  2.5487390e-01 -2.5487390e-01
   1.0219824e+00]
 [ 3.4830361e-09  2.4462297e+00  2.5934718e+00  6.7809534e+00
   7.6765351e+00]
 [ 2.5487390e-01  2.5934718e+00  6.3292890e+00  6.1891093e+00
   2.1075993e+01]
 [-2.5487390e-01  6.7809534e+00  6.1891093e+00  5.5518944e+01
   3.1961300e+01]
 [ 1.0219824e+00  7.6765351e+00  2.1075993e+01  3.1961300e+01
   6.1110938e+02]]
Current dist mean: [0.41763034 0.8014444  2.1340747  9.100912  ]
Current dist cov: [[  0.75366616   1.4463067    3.8512044    2.907865  ]
 [  1.4463067    3.8698294    7.3905697    7.6821523 ]
 [  3.8512044    7.3905697   41.771564    30.794386  ]
 [  2.907865     7.6821523   30.794386   275.26877   ]]
Current dist mean: [ 0.31043068  0.7916175   2.6232228  13.597738  ]
Current dist cov: [[  0.53465617   1.3634064    4.517988     2.4576735 ]
 [  1.3634064    4.3552837   11.52115     10.764496  ]
 [  4.517988    11.52115     38.770054    21.682285  ]
 [  2.4576735   10.764496    21.682285   142.94223   ]]
Current dist mean: [0.5       0.2418974 1.7669145]
Current dist cov: [[ 0.0833225  -0.48874748 -1.6029445 ]
 [-0.48874748  5.671423   12.060138  ]
 [-1.6029445  12.060138   48.97988   ]]
Current dist mean: [0.5        0.25192398 1.5937815 ]
Current dist cov: [[ 0.0833225  -0.48619175 -1.6470718 ]
 [-0.48619175  5.583577   12.327339  ]
 [-1.6470718  12.327339   52.34032   ]]
Current dist mean: [0.5        0.32396767 1.7629777 ]
Current dist cov: [[ 0.0833225  -0.48037502 -1.6041874 ]
 [-0.480375    5.438781   11.862734  ]
 [-1.6041874  11.862734   49.52881   ]]
Current dist mean: [ 0.5         0.1320303   0.38599235  2.2926502  12.520794  ]
Current dist cov: [[ 8.3322510e-02 -1.7764930e-01 -4.5246014e-01 -1.4390067e+00
  -1.1816742e+00]
 [-1.7764930e-01  5.9634078e-01  1.5091113e+00  4.5912461e+00
   9.8228550e-01]
 [-4.5246014e-01  1.5091113e+00  4.9282784e+00  1.1635849e+01
   7.6831980e+00]
 [-1.4390068e+00  4.5912461e+00  1.1635849e+01  4.0062737e+01
   8.7838764e+00]
 [-1.1816742e+00  9.8228550e-01  7.6831980e+00  8.7838745e+00
   1.6175824e+02]]
Current dist mean: [ 0.5        0.45       1.6917956  4.8694553  1.0651476  3.6794758
 15.111547 ]
Current dist cov: [[ 8.3322495e-02 -1.4018065e-01 -1.4080136e-01 -6.8965209e-01
  -3.0051759e-01 -9.9294680e-01 -3.2546587e+00]
 [-1.4018065e-01  1.0925000e+00  3.0383953e-01  1.4882208e+00
   1.9021493e+00  5.5837007e+00  1.7805201e+01]
 [-1.4080137e-01  3.0383953e-01  8.3696280e+00  1.4948107e+00
   7.7325994e-01  2.1521976e+00  2.6451057e+01]
 [-6.8965214e-01  1.4882207e+00  1.4948112e+00  3.3391586e+01
   3.1904309e+00  1.6387691e+01  6.7058289e+01]
 [-3.0051759e-01  1.9021493e+00  7.7325994e-01  3.1904306e+00
   1.1855609e+01  1.1192363e+01  5.0616928e+01]
 [-9.9294674e-01  5.5837011e+00  2.1521976e+00  1.6387691e+01
   1.1192364e+01  6.5809822e+01  1.5789812e+02]
 [-3.2546587e+00  1.7805201e+01  2.6451057e+01  6.7058296e+01
   5.0616932e+01  1.5789812e+02  1.3517239e+03]]
Current dist mean: [0.43416858 0.5000001  0.7305409  2.19402    8.114747  ]
Current dist cov: [[ 7.6584518e-01 -3.8735681e-11  1.2886269e+00  3.8701088e+00
   2.3600347e+00]
 [-3.9577044e-09  8.3322510e-02 -3.6023948e-02 -3.9792440e-09
  -4.0014899e-01]
 [ 1.2886269e+00 -3.6023956e-02  3.9658828e+00  6.5119252e+00
   8.1238041e+00]
 [ 3.8701088e+00 -4.0374517e-09  6.5119252e+00  4.2767693e+01
   2.7546305e+01]
 [ 2.3600347e+00 -4.0014902e-01  8.1238041e+00  2.7546305e+01
   2.7112854e+02]]
Current dist mean: [0.50000006 0.89097077 2.1972387  0.35824692 9.86117   ]
Current dist cov: [[ 8.3322495e-02 -4.4284847e-02 -1.7136043e-01 -1.7468665e-15
  -1.1882943e+00]
 [-4.4284847e-02  5.3195729e+00  7.9034948e+00  1.1980796e+00
   2.0380739e+01]
 [-1.7136043e-01  7.9034948e+00  3.5190624e+01  2.9546053e+00
   5.6439037e+01]
 [-1.7468665e-15  1.1980796e+00  2.9546053e+00  4.8173118e-01
   5.5791049e+00]
 [-1.1882943e+00  2.0380739e+01  5.6439037e+01  5.5791049e+00
   3.8891080e+02]]
Current dist mean: [0.49999997 0.9778117  4.395567   7.1347756 ]
Current dist cov: [[ 8.3322495e-02 -2.4601255e-01 -5.2314192e-01 -2.0636377e+00]
 [-2.4601255e-01  5.1034770e+00  2.8367388e+00  2.2169577e+01]
 [-5.2314198e-01  2.8367388e+00  3.4504036e+01  3.7926208e+01]
 [-2.0636377e+00  2.2169577e+01  3.7926208e+01  2.9613528e+02]]
Current dist mean: [0.9825709 4.0394554 3.9690516]
Current dist cov: [[  9.426962   0.        38.0798  ]
 [  0.        33.681236  33.094208]
 [ 38.0798    33.094208 503.85086 ]]
Current dist mean: [ 0.5         0.12675798  0.3240231   1.9962628  14.193304  ]
Current dist cov: [[ 8.3322510e-02 -1.7531419e-01 -4.6730185e-01 -1.5455440e+00
  -8.1470519e-01]
 [-1.7531419e-01  5.9764922e-01  1.5961139e+00  5.0737686e+00
  -1.0946149e+00]
 [-4.6730182e-01  1.5961138e+00  5.1519766e+00  1.3546467e+01
   2.9260526e+00]
 [-1.5455441e+00  5.0737686e+00  1.3546467e+01  4.5080139e+01
  -5.4781618e+00]
 [-8.1470525e-01 -1.0946149e+00  2.9260526e+00 -5.4781609e+00
   1.9203093e+02]]
Current dist mean: [ 0.31049132  0.79161835  2.6232257  13.597736  ]
Current dist cov: [[  0.53486353   1.3636703    4.518863     2.458153  ]
 [  1.3636703    4.355282    11.521143    10.7645    ]
 [  4.518863    11.521143    38.770027    21.682304  ]
 [  2.458153    10.7645      21.682304   142.9422    ]]
Current dist mean: [0.5        0.24186924 1.5857753 ]
Current dist cov: [[ 0.0833225  -0.48875248 -1.6491117 ]
 [-0.48875248  5.671528   12.407615  ]
 [-1.6491116  12.407615   52.49845   ]]
Current dist mean: [0.5       0.2519191 1.5674975]
Current dist cov: [[ 0.0833225  -0.48619235 -1.6537708 ]
 [-0.48619235  5.5835876  12.377493  ]
 [-1.6537708  12.377493   52.86678   ]]
Current dist mean: [0.5        0.32396755 1.7629789 ]
Current dist cov: [[ 0.0833225  -0.48037505 -1.604187  ]
 [-0.48037502  5.4387813  11.862732  ]
 [-1.604187   11.862732   49.528786  ]]
Current dist mean: [0.49999994 0.35814038 0.55117804 1.0206904  3.2102966  5.9186087 ]
Current dist cov: [[ 8.33225176e-02 -1.09166019e-01 -4.80835997e-02 -2.96919525e-01
  -5.77998459e-01 -1.54315674e+00]
 [-1.09166026e-01  3.77931654e-01  8.08041692e-02  9.08301830e-01
   9.71322417e-01  3.14438629e+00]
 [-4.80835997e-02  8.08041766e-02  7.17072070e-01  2.19778359e-01
   2.54975629e+00  2.09339404e+00]
 [-2.96919525e-01  9.08301830e-01  2.19778359e-01  4.80758810e+00
   2.64189005e+00  1.49344397e+01]
 [-5.77998459e-01  9.71322417e-01  2.54975629e+00  2.64188981e+00
   4.30641556e+01  3.59811821e+01]
 [-1.54315710e+00  3.14438629e+00  2.09339404e+00  1.49344387e+01
   3.59811821e+01  2.77575256e+02]]
Current dist mean: [0.5       2.0679297 4.039456  8.35331  ]
Current dist cov: [[ 8.3322488e-02  0.0000000e+00  0.0000000e+00  0.0000000e+00]
 [ 0.0000000e+00  9.2342072e+00 -1.7881393e-07  3.7301170e+01]
 [ 0.0000000e+00 -1.7881393e-07  3.3681240e+01  6.9650436e+01]
 [ 0.0000000e+00  3.7301170e+01  6.9650436e+01  6.0572821e+02]]
Current dist mean: [0.5       0.8757742 2.3563504 0.3931697 9.078144 ]
Current dist cov: [[ 8.3322510e-02 -7.4060403e-02 -1.8235980e-01 -7.0940587e-10
  -1.3356961e+00]
 [-7.4060410e-02  5.2877889e+00  7.0145140e+00  1.0317714e+00
   1.3827082e+01]
 [-1.8235981e-01  7.0145140e+00  3.4165684e+01  2.7760754e+00
   3.5585041e+01]
 [ 0.0000000e+00  1.0317714e+00  2.7760754e+00  4.6320301e-01
   2.4900267e+00]
 [-1.3356961e+00  1.3827082e+01  3.5585041e+01  2.4900267e+00
   2.9486227e+02]]
Current dist mean: [0.50000006 1.2254736  5.281078   9.0627365 ]
Current dist cov: [[ 8.3322495e-02 -2.8733641e-01 -5.8575130e-01 -2.2352688e+00]
 [-2.8733641e-01  4.6507735e+00  2.5909150e+00  2.3965811e+01]
 [-5.8575130e-01  2.5909150e+00  3.2590885e+01  4.0092964e+01]
 [-2.2352686e+00  2.3965811e+01  4.0092964e+01  3.0375494e+02]]
Current dist mean: [ 0.5         0.22254325  0.56614894  2.5614033  14.975784  ]
Current dist cov: [[ 8.3322510e-02 -1.5244406e-01 -3.9819911e-01 -1.4063494e+00
  -5.6600934e-01]
 [-1.5244408e-01  5.9265876e-01  1.5575639e+00  5.1495056e+00
  -2.0531363e+00]
 [-3.9819911e-01  1.5575638e+00  4.9718208e+00  1.3525648e+01
   1.2572436e+00]
 [-1.4063492e+00  5.1495056e+00  1.3525648e+01  4.5892658e+01
  -1.3378551e+01]
 [-5.6600934e-01 -2.0531363e+00  1.2572436e+00 -1.3378551e+01
   2.5850677e+02]]
Current dist mean: [ 0.3105453   0.79161835  2.6232252  13.597737  ]
Current dist cov: [[  0.53504974   1.3639078    4.5196495    2.4585862 ]
 [  1.3639078    4.355283    11.521145    10.764519  ]
 [  4.5196495   11.521145    38.770027    21.682354  ]
 [  2.4585862   10.764519    21.682354   142.94223   ]]
Current dist mean: [0.5       0.2418679 1.5670786]
Current dist cov: [[ 0.0833225  -0.48875266 -1.6538771 ]
 [-0.48875266  5.6715326  12.443475  ]
 [-1.6538771  12.443473   52.873505  ]]
Current dist mean: [0.5       0.2519188 1.567498 ]
Current dist cov: [[ 0.0833225  -0.48619244 -1.6537704 ]
 [-0.48619244  5.583587   12.377492  ]
 [-1.6537704  12.377492   52.866756  ]]
Current dist mean: [0.5       0.3239676 1.7629775]
Current dist cov: [[ 0.0833225  -0.48037502 -1.6041873 ]
 [-0.48037502  5.438781   11.862732  ]
 [-1.6041873  11.862733   49.528797  ]]
Current dist mean: [ 0.5        0.8967258  2.0815587  5.6891513 29.882965 ]
Current dist cov: [[ 8.3322495e-02 -8.7406643e-02 -2.4782968e-01 -8.5734689e-01
  -5.8966374e+00]
 [-8.7406643e-02  1.0705526e+00  2.5669141e+00  7.3435764e+00
   6.2611351e+01]
 [-2.4782968e-01  2.5669141e+00  1.0748417e+01  1.8040665e+01
   1.9861053e+02]
 [-8.5734683e-01  7.3435764e+00  1.8040665e+01  8.4927719e+01
   5.8679089e+02]
 [-5.8966374e+00  6.2611351e+01  1.9861053e+02  5.8679089e+02
   8.3053691e+03]]
Current dist mean: [1.6044495 5.438023  8.725033 ]
Current dist cov: [[7.6999302e+00 0.0000000e+00 4.1872398e+01]
 [1.4901161e-08 2.5762402e+01 4.1334473e+01]
 [4.1872398e+01 4.1334473e+01 4.9239087e+02]]
Current dist mean: [0.5        0.82280666 2.2755938  0.37173134 9.072582  ]
Current dist cov: [[ 8.3322510e-02 -7.3588125e-02 -1.7926183e-01 -1.8648277e-17
  -1.3767904e+00]
 [-7.3588125e-02  5.2661948e+00  7.2002082e+00  1.0311849e+00
   2.0434052e+01]
 [-1.7926183e-01  7.2002082e+00  3.4259502e+01  2.8518946e+00
   5.3506088e+01]
 [ 0.0000000e+00  1.0311849e+00  2.8518946e+00  4.6587342e-01
   5.2021103e+00]
 [-1.3767905e+00  2.0434052e+01  5.3506088e+01  5.2021103e+00
   3.7362112e+02]]
Current dist mean: [0.50000006 0.8258866  2.0716634  0.3951027  8.878252  ]
Current dist cov: [[ 8.3322495e-02 -6.7020789e-02 -1.7797056e-01  1.9784521e-15
  -1.3394325e+00]
 [-6.7020789e-02  3.5783150e+00  7.1672931e+00  1.2028270e+00
   1.6792320e+01]
 [-1.7797056e-01  7.1672931e+00  3.6650166e+01  3.0171847e+00
   5.3065285e+01]
 [ 1.5543122e-15  1.2028270e+00  3.0171847e+00  5.7543027e-01
   5.5185399e+00]
 [-1.3394324e+00  1.6792320e+01  5.3065285e+01  5.5185399e+00
   3.2260623e+02]]
Current dist mean: [ 0.5         0.22311336  0.56624335  2.5616498  14.976102  ]
Current dist cov: [[ 8.3322510e-02 -1.5256564e-01 -3.9817259e-01 -1.4062836e+00
  -5.6590235e-01]
 [-1.5256564e-01  5.9324384e-01  1.5583148e+00  5.1522388e+00
  -2.0517163e+00]
 [-3.9817259e-01  1.5583148e+00  4.9717760e+00  1.3525586e+01
   1.2576747e+00]
 [-1.4062837e+00  5.1522388e+00  1.3525586e+01  4.5892841e+01
  -1.3378532e+01]
 [-5.6590241e-01 -2.0517163e+00  1.2576747e+00 -1.3378532e+01
   2.5853787e+02]]
Current dist mean: [ 0.31060582  0.79161763  2.6232228  13.59774   ]
Current dist cov: [[  0.5352595   1.3641756   4.520537    2.4590588]
 [  1.3641756   4.3552847  11.521151   10.764494 ]
 [  4.520537   11.521151   38.77005    21.682281 ]
 [  2.4590588  10.764494   21.682281  142.94223  ]]
Current dist mean: [0.5        0.24186808 1.5670784 ]
Current dist cov: [[ 0.0833225 -0.4887526 -1.6538774]
 [-0.4887526  5.671531  12.443475 ]
 [-1.6538774 12.443475  52.87352  ]]
Current dist mean: [0.5        0.25191873 1.567498  ]
Current dist cov: [[ 0.0833225 -0.4861924 -1.6537706]
 [-0.4861924  5.5835876 12.377494 ]
 [-1.6537708 12.377494  52.86677  ]]
Current dist mean: [0.5        0.32396778 1.7629782 ]
Current dist cov: [[ 0.0833225  -0.48037493 -1.604187  ]
 [-0.4803749   5.43878    11.862728  ]
 [-1.604187   11.862729   49.52879   ]]
Current dist mean: [0.93113196 3.9544375 ]
Current dist cov: [[ 3.81299  0.     ]
 [ 0.      35.37252]]
Current dist mean: [1.5075576 3.787529 ]
Current dist cov: [[ 8.21326  0.     ]
 [ 0.      27.10883]]
Current dist mean: [0.7673836 2.4387724]
Current dist cov: [[ 6.1170683  0.       ]
 [ 0.        33.025677 ]]
Current dist mean: [0.5        0.74558073 3.5000756 ]
Current dist cov: [[ 0.0833225   0.18032072  0.51218766]
 [ 0.18032071  3.7753072   1.4217526 ]
 [ 0.51218766  1.4217526  30.359993  ]]
Current dist mean: [0.93113196 3.9544375  3.6821032 ]
Current dist cov: [[  3.81299    0.        15.078231]
 [  0.        35.37252   32.936485]
 [ 15.078231  32.936485 225.16919 ]]
Current dist mean: [0.5       0.5085499 3.7064207]
Current dist cov: [[ 0.0833225   0.33211172  0.7065286 ]
 [ 0.33211172  3.551062    3.6121287 ]
 [ 0.7065286   3.6121287  28.890125  ]]
Current dist mean: [0.61546254 2.7722144 ]
Current dist cov: [[5.0046968e+00 7.4505806e-08]
 [7.4505806e-08 3.3735107e+01]]
Current dist mean: [0.5       1.4234346 3.5940058 5.1158314]
Current dist cov: [[ 8.3322495e-02  1.3969839e-09  9.7788870e-09 -2.4214387e-08]
 [ 1.3969839e-09  7.1169338e+00  0.0000000e+00  2.5578299e+01]
 [ 9.7788870e-09  0.0000000e+00  2.8695719e+01  4.0846478e+01]
 [ 3.5390258e-08  2.5578299e+01  4.0846478e+01  3.5429633e+02]]
Current dist mean: [0.5        0.44186422 3.4227438 ]
Current dist cov: [[ 0.0833225  0.4136514  1.1692696]
 [ 0.4136514  3.9685507  7.4455776]
 [ 1.1692696  7.445578  30.755299 ]]
Current dist mean: [0.9079091 3.0137587]
Current dist cov: [[ 3.8702855e+00 -1.1920929e-07]
 [-1.1920929e-07  3.3494438e+01]]
Current dist mean: [0.5       0.9955905 2.8310611 2.8185773]
Current dist cov: [[ 8.3322495e-02 -5.3260010e-09 -1.8160790e-08  5.1222742e-09]
 [-5.3260010e-09  3.8810761e+00  1.3411045e-07  1.0987563e+01]
 [-3.2596290e-09 -4.8428774e-08  3.5728745e+01  3.5571194e+01]
 [ 4.6566129e-09  1.0987563e+01  3.5571198e+01  2.0518677e+02]]
Current dist mean: [0.5       0.4414764 3.4823513]
Current dist cov: [[ 0.0833225   0.41353065  1.108253  ]
 [ 0.41353062  3.9669542   7.0549817 ]
 [ 1.108253    7.0549817  29.157314  ]]
Current dist mean: [0.9309976 3.954737 ]
Current dist cov: [[ 3.8147187  0.       ]
 [ 0.        35.373905 ]]
Current dist mean: [1.2967602 4.7874827]
Current dist cov: [[ 4.155917  0.      ]
 [ 0.       29.026741]]
Current dist mean: [1.0025008 1.9773352]
Current dist cov: [[ 9.8064575  0.       ]
 [ 0.        48.758335 ]]
Current dist mean: [1.8938484  0.25425112]
Current dist cov: [[1.0918465e+01 2.3841858e-07]
 [2.3841858e-07 4.1740700e+01]]
Current dist mean: [0.5       1.4942541 0.9147992]
Current dist cov: [[ 0.0833225   0.26577038 -1.1599122 ]
 [ 0.26577038  3.9465318  -4.745489  ]
 [-1.1599121  -4.745489   29.20937   ]]
Current dist mean: [1.0139918 1.8075397]
Current dist cov: [[7.6924238e+00 0.0000000e+00]
 [2.3841858e-07 3.2942978e+01]]
Current dist mean: [ 0.49999997  0.6493177  -0.5064414 ]
Current dist cov: [[ 0.08332251 -0.41562968 -0.5711055 ]
 [-0.41562968  9.237646    3.6540298 ]
 [-0.5711055   3.6540298  34.26133   ]]
Current dist mean: [0.49999997 1.1743942  1.1901035 ]
Current dist cov: [[ 0.08332251 -0.18807495 -0.5450521 ]
 [-0.18807495  4.132862    1.5780411 ]
 [-0.5450521   1.5780411  30.131504  ]]
Current dist mean: [ 2.7074091 -0.7535021  2.3306582  5.1887674]
Current dist cov: [[10.557597   0.        10.557597  21.115194 ]
 [ 0.         2.8113282  1.4056641  0.8433985]
 [10.557597   1.4056641 11.26043   21.536894 ]
 [21.115194   0.8433985 21.536894  42.48341  ]]
Current dist mean: [0.49999997 1.0489403  2.416613  ]
Current dist cov: [[ 0.08332251 -0.19074062 -0.71469784]
 [-0.19074064  4.6859827   2.0985286 ]
 [-0.7146978   2.0985289  35.13078   ]]
Current dist mean: [ 0.49999997  0.22404838 -1.054274  ]
Current dist cov: [[ 0.08332251 -0.36385202 -0.66146916]
 [-0.36385202  4.791227    3.7049606 ]
 [-0.66146916  3.7049603  38.63293   ]]
Current dist mean: [1.2745235 2.4287667]
Current dist cov: [[ 4.1850395e+00  0.0000000e+00]
 [-1.1920929e-07  3.4459641e+01]]
Current dist mean: [1.2130976 1.8032491]
Current dist cov: [[ 4.2627754  0.       ]
 [ 0.        39.227947 ]]
Current dist mean: [1.4342227  0.47800046]
Current dist cov: [[ 4.2149239e+00  0.0000000e+00]
 [-2.3841858e-07  3.9658337e+01]]
Current dist mean: [0.49999997 1.031462   1.0571505 ]
Current dist cov: [[ 0.08332251 -0.10012643 -0.5041602 ]
 [-0.10012643  4.494595    0.7770812 ]
 [-0.5041602   0.77708155 31.395458  ]]
Current dist mean: [ 0.9425639 -1.092993 ]
Current dist cov: [[ 7.8155780e+00  0.0000000e+00]
 [-2.3841858e-07  3.9054642e+01]]
Current dist mean: [0.49999997 0.8619652  1.9399023 ]
Current dist cov: [[ 0.08332251  0.06902501  0.3008377 ]
 [ 0.069025    4.694566    0.3196593 ]
 [ 0.30083764  0.3196594  35.37303   ]]
Current dist mean: [ 1.8602009 -0.5101775]
Current dist cov: [[ 8.7876434e+00 -2.3841858e-07]
 [ 0.0000000e+00  3.4123177e+01]]
Current dist mean: [1.0139917 0.5       1.5438896]
Current dist cov: [[ 7.6924233e+00  1.4281391e-08  0.0000000e+00]
 [ 2.6083701e-08  8.3322510e-02 -2.8628796e-02]
 [ 0.0000000e+00 -2.8628796e-02  3.3875362e+01]]
Current dist mean: [0.49999997 1.3218349  2.3934295 ]
Current dist cov: [[ 0.08332251 -0.04825207 -0.7335202 ]
 [-0.04825208  5.313823    0.5448502 ]
 [-0.73352015  0.5448505  35.5632    ]]
Current dist mean: [ 0.49999997  0.34624422 -1.4221214 ]
Current dist cov: [[ 0.08332251 -0.4353892  -0.69991595]
 [-0.43538922  4.3073883   4.691079  ]
 [-0.69991595  4.691079   42.115353  ]]
Current dist mean: [1.2934172 1.8031111]
Current dist cov: [[ 4.1565247  0.       ]
 [ 0.        39.230003 ]]
Current dist mean: [1.3301325 0.5537051]
Current dist cov: [[ 4.0571785  0.       ]
 [ 0.        38.85459  ]]
Current dist mean: [1.2934159 3.464106 ]
Current dist cov: [[ 4.156522  0.      ]
 [ 0.       32.607666]]
Current dist mean: [0.49999997 1.0679303  1.0703152 ]
Current dist cov: [[ 0.08332251 -0.07419682 -0.50597155]
 [-0.07419683  4.6403446   0.5779105 ]
 [-0.50597155  0.5779109  31.265154  ]]
Current dist mean: [0.50000006 1.1631919  0.779037  ]
Current dist cov: [[ 0.0833225  -0.28555906 -0.2484762 ]
 [-0.28555906  8.316947    1.0922699 ]
 [-0.2484762   1.0922699  39.040306  ]]
Current dist mean: [0.5       1.0139918 2.2761402]
Current dist cov: [[ 8.3322510e-02  2.6083697e-08  4.0495586e-01]
 [ 1.4281390e-08  7.6924233e+00 -2.3841858e-07]
 [ 4.0495586e-01 -2.3841858e-07  4.2221115e+01]]
Current dist mean: [1.0139917 3.2736704]
Current dist cov: [[ 7.692423  0.      ]
 [ 0.       36.182884]]
Current dist mean: [1.8602008 0.8524713]
Current dist cov: [[ 8.787643   3.5150576]
 [ 3.5150576 37.742016 ]]
Current dist mean: [0.49999997 1.320066   2.3931634 ]
Current dist cov: [[ 0.08332251 -0.04853544 -0.7335732 ]
 [-0.04853545  5.3061466   0.54809004]
 [-0.7335732   0.54809016 35.566765  ]]
Current dist mean: [ 0.49999997  0.34479243 -1.4561515 ]
Current dist cov: [[ 0.08332251 -0.43444288 -0.6884191 ]
 [-0.4344429   4.2957053   4.603995  ]
 [-0.6884191   4.6039944  42.608498  ]]
Current dist mean: [1.293416  1.8031111]
Current dist cov: [[ 4.1565228  0.       ]
 [ 0.        39.230007 ]]
Current dist mean: [1.2934165 3.8355746]
Current dist cov: [[4.1565237e+00 0.0000000e+00]
 [1.1920929e-07 3.4252430e+01]]
Current dist mean: [1.3301301 0.5537067]
Current dist cov: [[ 4.0571756e+00 -2.3841858e-07]
 [ 0.0000000e+00  3.8854572e+01]]
Current dist mean: [ 0.5         0.50000006  1.1510282  -1.204075  ]
Current dist cov: [[ 8.3322518e-02  4.5795581e-09 -3.1726249e-02 -4.6123549e-02]
 [ 8.8732266e-10  8.3322495e-02  2.1803740e-01  2.6306146e-01]
 [-3.1726256e-02  2.1803740e-01  4.2878370e+00  9.0788192e-01]
 [-4.6123587e-02  2.6306146e-01  9.0788192e-01  2.4921576e+01]]
Current dist mean: [0.5       1.2120452 1.2665359]
Current dist cov: [[ 0.0833225  -0.277246   -0.14090025]
 [-0.277246    7.9272566   0.6013485 ]
 [-0.1409002   0.60134816 37.95096   ]]
Current dist mean: [0.5       1.0139918 1.0658375]
Current dist cov: [[ 8.3322510e-02  2.6083701e-08 -2.2184190e-01]
 [ 1.4281391e-08  7.6924238e+00  1.1920929e-07]
 [-2.2184193e-01  1.1920929e-07  3.3567123e+01]]
Current dist mean: [0.49999994 0.90899783 1.5736707 ]
Current dist cov: [[8.3322510e-02 2.7843125e-02 7.9861686e-02]
 [2.7843118e-02 7.6596489e+00 3.4229636e-02]
 [7.9861686e-02 3.4229755e-02 4.3102859e+01]]
Current dist mean: [ 0.5        2.133212  -2.0458887]
Current dist cov: [[ 0.0833225   0.05873084 -0.61379606]
 [ 0.05873084 14.407085   -0.5549315 ]
 [-0.6137961  -0.5549315  32.61187   ]]
Current dist mean: [0.49999997 1.3200659  2.3931637 ]
Current dist cov: [[ 0.08332251 -0.04853544 -0.73357314]
 [-0.04853544  5.3061447   0.5480893 ]
 [-0.7335731   0.54808956 35.56677   ]]
Current dist mean: [ 0.49999997  0.3455153  -1.451706  ]
Current dist cov: [[ 0.08332251 -0.4349457  -0.69093037]
 [-0.43494567  4.2990026   4.6261373 ]
 [-0.6909303   4.626137   42.528526  ]]
Current dist mean: [1.293416  3.8340645]
Current dist cov: [[ 4.1565237  0.       ]
 [ 0.        34.24158  ]]
Current dist mean: [1.2934161 1.8031116]
Current dist cov: [[ 4.156523  0.      ]
 [ 0.       39.229996]]
Current dist mean: [1.3301295 0.5537068]
Current dist cov: [[ 4.0571737  0.       ]
 [ 0.        38.854576 ]]
Current dist mean: [0.5       0.5       1.2819605 0.6336245]
Current dist cov: [[ 8.33225250e-02  3.71240150e-09  1.20520160e-01  2.36429542e-01]
 [ 4.13856327e-09  8.33225250e-02 -2.44217403e-02 -8.33595991e-02]
 [ 1.20520145e-01 -2.44217366e-02  4.81185389e+00  4.66233253e-01]
 [ 2.36429542e-01 -8.33595470e-02  4.66233194e-01  2.88518009e+01]]
Current dist mean: [ 0.5        0.8339284 -0.5063305]
Current dist cov: [[ 0.0833225  -0.36860266 -0.571016  ]
 [-0.36860266  9.5069685   3.2400815 ]
 [-0.5710159   3.2400815  34.265812  ]]
Current dist mean: [0.5       1.0139918 1.0636818]
Current dist cov: [[ 8.3322510e-02  2.6083701e-08 -2.2406952e-01]
 [ 1.4281391e-08  7.6924238e+00  1.1920929e-07]
 [-2.2406960e-01  1.1920929e-07  3.3483009e+01]]
Current dist mean: [0.5       1.0139918 0.5       3.4815922]
Current dist cov: [[ 8.3322495e-02 -1.2395418e-09  0.0000000e+00  0.0000000e+00]
 [-1.2395418e-09  7.6924229e+00  1.4281390e-08  0.0000000e+00]
 [ 1.3661619e-08  2.6083697e-08  8.3322510e-02  4.3903494e-01]
 [ 0.0000000e+00  0.0000000e+00  4.3903482e-01  4.3560219e+01]]
Current dist mean: [0.49999994 1.7504256  0.38756004]
Current dist cov: [[ 8.3322488e-02 -2.2586457e-02 -5.9604645e-08]
 [-2.2586457e-02  1.1084406e+01 -2.3841858e-07]
 [-7.4505806e-08 -2.3841858e-07  4.1426331e+01]]
Current dist mean: [0.49999997 1.3200661  2.3931634 ]
Current dist cov: [[ 0.08332251 -0.04853547 -0.7335729 ]
 [-0.04853547  5.3061447   0.5480898 ]
 [-0.73357296  0.5480898  35.56671   ]]
Current dist mean: [ 0.49999997  0.34491196 -1.4512641 ]
Current dist cov: [[ 0.08332251 -0.4344253  -0.68878466]
 [-0.4344253   4.295188    4.6062527 ]
 [-0.68878466  4.606253   42.552876  ]]
Current dist mean: [1.293416 3.834065]
Current dist cov: [[ 4.1565237  0.       ]
 [ 0.        34.24159  ]]
Current dist mean: [1.2934159 1.8031111]
Current dist cov: [[ 4.1565237  0.       ]
 [ 0.        39.229992 ]]
Current dist mean: [1.3301295  0.55370694]
Current dist cov: [[4.0571737e+00 0.0000000e+00]
 [2.3841858e-07 3.8854568e+01]]
Current dist mean: [ 0.5         1.2837341   0.5        -0.44115186]
Current dist cov: [[ 8.3322503e-02  1.1396867e-01 -1.1770420e-09 -3.7252903e-09]
 [ 1.1396867e-01  4.1738153e+00  4.2211070e-09  1.1920929e-07]
 [-7.5088019e-10 -1.2765367e-08  8.3322510e-02  1.3509052e-01]
 [-1.8626451e-08  1.1920929e-07  1.3509049e-01  3.4503448e+01]]
Current dist mean: [0.5       0.9940346 1.6525459]
Current dist cov: [[ 0.0833225  -0.3255102  -0.03875963]
 [-0.32551023  8.544624    0.1942203 ]
 [-0.03875962  0.19421984 34.35471   ]]
Current dist mean: [1.0139918  0.30419755 2.6039066 ]
Current dist cov: [[ 7.692423    2.307727    2.3077269 ]
 [ 2.307727    0.69231915  0.69231904]
 [ 2.3077269   0.69231915 30.96037   ]]
Current dist mean: [0.49999997 0.9154165  1.8860447 ]
Current dist cov: [[ 8.3322495e-02  3.2487556e-02  1.4901161e-08]
 [ 3.2487541e-02  1.1052395e+01  0.0000000e+00]
 [-1.4901161e-08  0.0000000e+00  4.3326691e+01]]
Current dist mean: [2.4253235  0.38756013]
Current dist cov: [[1.4373564e+01 4.7683716e-07]
 [2.3841858e-07 4.1426342e+01]]
Current dist mean: [0.49999997 1.3200657  2.3931632 ]
Current dist cov: [[ 0.08332251 -0.0485355  -0.73357314]
 [-0.0485355   5.3061447   0.54809016]
 [-0.7335731   0.54809016 35.566765  ]]
Current dist mean: [ 0.49999997  0.34575722 -1.466926  ]
Current dist cov: [[ 0.08332251 -0.43505242 -0.68741035]
 [-0.43505245  4.3001485   4.6036997 ]
 [-0.68741035  4.6036987  42.74229   ]]
Current dist mean: [1.2934159 3.8340645]
Current dist cov: [[ 4.1565247  0.       ]
 [ 0.        34.24159  ]]
Current dist mean: [1.293416  1.8031116]
Current dist cov: [[ 4.156526  0.      ]
 [ 0.       39.230003]]
Current dist mean: [1.3301294 0.5537073]
Current dist cov: [[ 4.0571742e+00 -2.3841858e-07]
 [-4.7683716e-07  3.8854572e+01]]
Current dist mean: [0.5       1.2602979 1.3655453]
Current dist cov: [[ 0.0833225  -0.26193365 -0.11309954]
 [-0.26193362  8.434873    0.45603868]
 [-0.11309954  0.4560389  35.21995   ]]
Current dist mean: [1.0139917 0.5       1.0586424]
Current dist cov: [[ 7.6924229e+00  1.4281391e-08  0.0000000e+00]
 [ 2.6083701e-08  8.3322510e-02 -2.2728091e-01]
 [ 0.0000000e+00 -2.2728102e-01  3.3289459e+01]]
Current dist mean: [1.0222518 1.6496005]
Current dist cov: [[ 6.811072   1.9193026]
 [ 1.9193023 42.353954 ]]
Current dist mean: [0.50000006 1.3928916  0.02359125]
Current dist cov: [[ 0.0833225  -0.1273427  -0.08097717]
 [-0.1273427  11.915782    0.15873969]
 [-0.08097717  0.15873969 38.05868   ]]
Current dist mean: [0.49999997 1.319799   2.3931808 ]
Current dist cov: [[ 0.08332251 -0.04860754 -0.7335715 ]
 [-0.04860757  5.307724    0.54890263]
 [-0.7335715   0.54890317 35.566605  ]]
Current dist mean: [ 0.49999997  0.343199   -1.4465985 ]
Current dist cov: [[ 0.08332251 -0.4334306  -0.687981  ]
 [-0.4334306   4.2882576   4.5903444 ]
 [-0.687981    4.590345   42.50512   ]]
Current dist mean: [1.2934158 3.8340645]
Current dist cov: [[ 4.1565199e+00 -1.1920929e-07]
 [ 0.0000000e+00  3.4241585e+01]]
Current dist mean: [1.2934164 1.8031118]
Current dist cov: [[ 4.1565237  0.       ]
 [ 0.        39.230003 ]]
Current dist mean: [1.3301301 0.553707 ]
Current dist cov: [[ 4.0571766  0.       ]
 [ 0.        38.854576 ]]
Current dist mean: [0.5        1.1803617  0.25000003 0.45586067]
Current dist cov: [[ 0.08332251 -0.04537041 -0.06371848 -0.36996636]
 [-0.0453704   5.0063257   0.04450278  0.2583951 ]
 [-0.06371848  0.04450276  0.10416625  0.06760924]
 [-0.36996636  0.25839522  0.06760926 31.449009  ]]
Current dist mean: [ 0.5         1.0929043  -0.50352144]
Current dist cov: [[ 0.0833225  -0.30248162 -0.57166135]
 [-0.30248162  9.700401    2.6618721 ]
 [-0.57166135  2.6618714  34.21947   ]]
Current dist mean: [0.5       1.0183661 2.052655 ]
Current dist cov: [[ 8.33224952e-02 -1.02082640e-03  1.09407164e-01]
 [-1.02082640e-03  7.50113487e+00 -1.71959400e-03]
 [ 1.09407164e-01 -1.71935558e-03  3.78698463e+01]]
Current dist mean: [1.0432006 1.886045 ]
Current dist cov: [[ 4.3852310e+00  0.0000000e+00]
 [-2.3841858e-07  4.3326687e+01]]
Current dist mean: [0.5       1.8170267 0.7148833]
Current dist cov: [[8.3322503e-02 2.5499593e-02 6.1576486e-02]
 [2.5499608e-02 8.8540049e+00 2.4171114e-02]
 [6.1576441e-02 2.4171114e-02 5.1142185e+01]]
Current dist mean: [0.49999997 1.3200661  2.3931632 ]
Current dist cov: [[ 0.08332251 -0.04853542 -0.73357314]
 [-0.04853541  5.306146    0.5480892 ]
 [-0.7335731   0.5480893  35.566765  ]]
Current dist mean: [ 0.49999997  0.34584907 -1.4445448 ]
Current dist cov: [[ 0.08332251 -0.43510222 -0.6932609 ]
 [-0.43510222  4.300506    4.6434116 ]
 [-0.6932609   4.6434116  42.424065  ]]
Current dist mean: [1.293416  3.8340645]
Current dist cov: [[ 4.156525  0.      ]
 [ 0.       34.241936]]
Current dist mean: [1.2934158 1.803112 ]
Current dist cov: [[ 4.156526  0.      ]
 [ 0.       39.230007]]
Current dist mean: [1.3301295 0.5537068]
Current dist cov: [[ 4.057174  0.      ]
 [ 0.       38.854576]]
Current dist mean: [0.5        1.203989   1.7220013  0.30099726]
Current dist cov: [[ 0.0833225   0.18411529  0.5381037   0.04602882]
 [ 0.18411532  4.0969477   2.4189034   1.0242369 ]
 [ 0.53810376  2.418903   27.88529     0.6047268 ]
 [ 0.04602883  1.0242369   0.60472685  0.2560602 ]]
Current dist mean: [0.5       1.5427876 1.4400105 0.2880021]
Current dist cov: [[ 8.3322495e-02 -2.7463093e-01 -9.5523447e-02 -1.9104691e-02]
 [-2.7463093e-01  9.6233444e+00  7.5272679e+00  1.5054545e+00]
 [-9.5523469e-02  7.5272679e+00  3.5757607e+01  7.1515212e+00]
 [-1.9104691e-02  1.5054548e+00  7.1515212e+00  1.4303052e+00]]
Current dist mean: [0.5       1.0139917 1.0895046]
Current dist cov: [[ 8.3322495e-02  2.6083697e-08 -1.6662981e-01]
 [ 1.4281390e-08  7.6924238e+00 -1.1920929e-07]
 [-1.6662982e-01  0.0000000e+00  3.7828278e+01]]
Current dist mean: [1.0139917  2.0408     0.15209876]
Current dist cov: [[ 7.6924224   1.1538634   1.1538635 ]
 [ 1.1538634  42.607388    0.1730806 ]
 [ 1.1538635   0.1730806   0.17308055]]
Current dist mean: [0.5        2.118628   0.25287032]
Current dist cov: [[ 8.3322495e-02  8.5816428e-02 -2.3517147e-02]
 [ 8.5816436e-02  1.0547421e+01 -3.1067610e-02]
 [-2.3517132e-02 -3.1067133e-02  4.5213474e+01]]
Current dist mean: [0.49999997 1.3200659  2.3931634 ]
Current dist cov: [[ 0.08332251 -0.04853544 -0.733573  ]
 [-0.04853545  5.3061466   0.5480893 ]
 [-0.7335731   0.5480897  35.56676   ]]
Current dist mean: [ 0.49999997  0.3456337  -1.4657078 ]
Current dist cov: [[ 0.08332251 -0.43497127 -0.6874883 ]
 [-0.43497124  4.2995567   4.603362  ]
 [-0.6874883   4.603362   42.727325  ]]
Current dist mean: [1.293416  3.8340647]
Current dist cov: [[ 4.1565242e+00 -1.1920929e-07]
 [ 0.0000000e+00  3.4241592e+01]]
Current dist mean: [1.2934159 1.8031106]
Current dist cov: [[ 4.1565228  0.       ]
 [ 0.        39.229996 ]]
Current dist mean: [1.3301301  0.55370694]
Current dist cov: [[ 4.0571766e+00 -2.3841858e-07]
 [ 0.0000000e+00  3.8854576e+01]]
Current dist mean: [0.5        1.2692927  0.12884438]
Current dist cov: [[ 0.08332247  0.04991862  0.19713265]
 [ 0.04991862  4.3136144   2.1690736 ]
 [ 0.1971326   2.1690733  24.863249  ]]
Current dist mean: [0.5       1.2277968 1.357477 ]
Current dist cov: [[ 0.0833225  -0.26889113 -0.10773642]
 [-0.26889116  8.475489    0.44595206]
 [-0.10773639  0.44595212 35.53414   ]]
Current dist mean: [0.5000001 1.013992  1.1083477]
Current dist cov: [[ 8.3322510e-02  1.3544761e-09 -2.2615188e-01]
 [ 1.4013501e-10  7.6924257e+00  1.1920929e-07]
 [-2.2615188e-01  0.0000000e+00  3.3274734e+01]]
Current dist mean: [1.0139918 1.9207691]
Current dist cov: [[ 7.692423   4.615454 ]
 [ 4.6154537 44.704105 ]]
Current dist mean: [1.2165661  0.38756013]
Current dist cov: [[ 5.7612348e+00 -2.3841858e-07]
 [-2.3841858e-07  4.1426323e+01]]
Current dist mean: [0.49999997 1.320066   2.3931634 ]
Current dist cov: [[ 0.08332251 -0.04853544 -0.73357314]
 [-0.04853545  5.306147    0.54808956]
 [-0.73357314  0.5480897  35.56677   ]]
Current dist mean: [ 0.49999997  0.34366602 -1.4471769 ]
Current dist cov: [[ 0.08332251 -0.4337185  -0.6886579 ]
 [-0.43371853  4.290394    4.597913  ]
 [-0.68865776  4.5979123  42.504066  ]]
Current dist mean: [1.2934166 3.8340645]
Current dist cov: [[ 4.1565228  0.       ]
 [ 0.        34.241585 ]]
Current dist mean: [1.2934159 1.8031116]
Current dist cov: [[ 4.1565237  0.       ]
 [ 0.        39.230003 ]]
Current dist mean: [1.3301299 0.5537075]
Current dist cov: [[ 4.0571756e+00  2.3841858e-07]
 [-2.3841858e-07  3.8854568e+01]]
Current dist mean: [0.49999994 0.24999999 1.1099197  0.5855242 ]
Current dist cov: [[ 0.08332251 -0.06371847 -0.11019755 -0.35500014]
 [-0.06371846  0.10416624  0.16973664  0.56820434]
 [-0.11019755  0.16973664  4.3466578   1.1195203 ]
 [-0.35500014  0.5682044   1.1195203  30.6105    ]]
Current dist mean: [0.5       0.9701795 1.0948393]
Current dist cov: [[ 0.0833225  -0.3356763  -0.17941722]
 [-0.33567628  8.523593    0.9271165 ]
 [-0.17941722  0.9271164  34.40172   ]]
Current dist mean: [1.0139918  0.30419755 2.6039066 ]
Current dist cov: [[ 7.692423    2.307727    2.3077269 ]
 [ 2.307727    0.69231915  0.69231904]
 [ 2.3077269   0.69231915 30.96037   ]]
Current dist mean: [0.49999997 0.90833694 1.2680917 ]
Current dist cov: [[8.3322510e-02 2.8233193e-02 1.5670587e-01]
 [2.8233200e-02 7.6280675e+00 6.8107367e-02]
 [1.5670587e-01 6.8107247e-02 4.3145573e+01]]
Current dist mean: [ 0.5         1.1894695  -0.24405009]
Current dist cov: [[ 0.0833225  -0.06123466 -0.11575053]
 [-0.06123466  8.697259    0.10911119]
 [-0.1157505   0.10911131 42.557518  ]]
Current dist mean: [0.49999997 1.320066   2.3931637 ]
Current dist cov: [[ 0.08332251 -0.04853546 -0.73357296]
 [-0.04853545  5.306147    0.54809004]
 [-0.7335731   0.5480899  35.566757  ]]
Current dist mean: [ 0.49999997  0.34529746 -1.4471759 ]
Current dist cov: [[ 0.08332251 -0.43476287 -0.6916169 ]
 [-0.43476287  4.298029    4.6287875 ]
 [-0.6916169   4.6287875  42.47145   ]]
Current dist mean: [1.2934164 3.8340645]
Current dist cov: [[ 4.1565247  0.       ]
 [ 0.        34.241592 ]]
Current dist mean: [1.2934161 1.8031113]
Current dist cov: [[ 4.1565247  0.       ]
 [ 0.        39.230003 ]]
Current dist mean: [1.33013   0.5537071]
Current dist cov: [[ 4.0571756e+00 -2.3841858e-07]
 [ 0.0000000e+00  3.8854572e+01]]
Current dist mean: [0.5        1.2449167  0.99081445]
Current dist cov: [[ 0.0833225   0.12354454  0.19494401]
 [ 0.12354456  4.20215     1.8487072 ]
 [ 0.194944    1.8487072  26.185741  ]]
Current dist mean: [0.5       1.2510836 1.3128686]
Current dist cov: [[ 0.0833225  -0.26044762 -0.12750983]
 [-0.26044762  8.175593    0.5112263 ]
 [-0.1275098   0.51122636 35.42628   ]]
Current dist mean: [1.0139917 0.5       1.0586424]
Current dist cov: [[ 7.6924229e+00  1.4281391e-08  0.0000000e+00]
 [ 2.6083701e-08  8.3322510e-02 -2.2728091e-01]
 [ 0.0000000e+00 -2.2728102e-01  3.3289459e+01]]
Current dist mean: [1.0139917  2.1972613  0.30419752]
Current dist cov: [[ 7.692423    2.3077269   2.3077273 ]
 [ 2.3077269  42.557423    0.69231915]
 [ 2.3077273   0.69231915  0.6923193 ]]
Current dist mean: [1.8602009  0.5        0.07195941]
Current dist cov: [[ 8.7876434e+00  4.7789008e-09 -2.3841858e-07]
 [ 8.2023037e-09  8.3322510e-02 -8.2629710e-02]
 [-1.1920929e-07 -8.2629710e-02  4.3539803e+01]]
Current dist mean: [0.49999997 1.320066   2.393163  ]
Current dist cov: [[ 0.08332251 -0.04853543 -0.733573  ]
 [-0.04853544  5.3061466   0.54808944]
 [-0.733573    0.54808944 35.56676   ]]
Current dist mean: [ 0.49999997  0.33786654 -1.4171549 ]
Current dist cov: [[ 0.08332251 -0.42668706 -0.68006516]
 [-0.42668706  4.2295957   4.466931  ]
 [-0.68006516  4.466931   42.2408    ]]
Current dist mean: [1.293416  3.8340645]
Current dist cov: [[4.1565232e+00 0.0000000e+00]
 [1.1920929e-07 3.4241581e+01]]
Current dist mean: [1.2934158 1.8031111]
Current dist cov: [[ 4.1565256  0.       ]
 [ 0.        39.230003 ]]
Current dist mean: [1.3301299 0.5537067]
Current dist cov: [[ 4.0571752e+00 -2.3841858e-07]
 [ 0.0000000e+00  3.8854576e+01]]
Current dist mean: [0.49999994 1.2039893  1.7220016 ]
Current dist cov: [[ 0.0833225   0.18411535  0.5381037 ]
 [ 0.18411535  4.0969477   2.4189036 ]
 [ 0.5381037   2.4189036  27.885288  ]]
Current dist mean: [0.5        1.1563     0.01528549]
Current dist cov: [[ 0.0833225  -0.2869127  -0.43911558]
 [-0.28691274  9.498337    1.9394469 ]
 [-0.43911546  1.9394468  34.6182    ]]
Current dist mean: [0.5       1.2155185 3.411667 ]
Current dist cov: [[ 0.0833225   0.09155778  0.5741489 ]
 [ 0.09155778  7.072726    0.8092247 ]
 [ 0.5741489   0.8092245  30.979265  ]]
Current dist mean: [-1.1936412  8.133194 ]
Current dist cov: [[ 4.6876097  0.       ]
 [ 0.        14.444382 ]]
Current dist mean: [0.50000006 1.3953326  0.03365469]
Current dist cov: [[ 0.0833225  -0.12659651 -0.07742058]
 [-0.12659647 11.914655    0.15087855]
 [-0.0774206   0.15087867 38.007057  ]]
Current dist mean: [0.49999997 1.3200662  2.3931634 ]
Current dist cov: [[ 0.08332251 -0.04853544 -0.7335732 ]
 [-0.04853545  5.3061466   0.5480903 ]
 [-0.7335732   0.5480898  35.56677   ]]
Current dist mean: [ 0.49999997  0.34682065 -1.4796165 ]
Current dist cov: [[ 0.08332251 -0.43572176 -0.6858766 ]
 [-0.43572176  4.3051357   4.6004934 ]
 [-0.6858765   4.6004934  42.9027    ]]
Current dist mean: [1.293416  3.8340647]
Current dist cov: [[ 4.1565266  0.       ]
 [ 0.        34.24159  ]]
Current dist mean: [1.2934159 1.803112 ]
Current dist cov: [[ 4.1565247  0.       ]
 [ 0.        39.230003 ]]
Current dist mean: [1.33013   0.5537074]
Current dist cov: [[ 4.0571728e+00 -2.3841858e-07]
 [ 0.0000000e+00  3.8854572e+01]]
Current dist mean: [0.5        1.2928312  0.5        0.99644065]
Current dist cov: [[ 8.3322503e-02  1.5782278e-02 -1.1770420e-09  3.7252903e-09]
 [ 1.5782285e-02  4.1636581e+00  4.2830841e-09 -8.9406967e-08]
 [-7.5088019e-10  3.6592191e-08  8.3322510e-02  4.5752892e-01]
 [ 0.0000000e+00  1.0430813e-07  4.5752892e-01  3.2030495e+01]]
Current dist mean: [0.49999997 1.3200659  2.393163  ]
Current dist cov: [[ 0.08332251 -0.04853544 -0.73357314]
 [-0.04853546  5.3061457   0.5480898 ]
 [-0.7335731   0.5480893  35.56677   ]]
Current dist mean: [ 0.49999997  0.346795   -1.479792  ]
Current dist cov: [[ 0.08332251 -0.43568587 -0.6859213 ]
 [-0.43568587  4.3047695   4.6004143 ]
 [-0.6859213   4.6004143  42.904194  ]]
Current dist mean: [1.293416 3.834065]
Current dist cov: [[ 4.1565247e+00  0.0000000e+00]
 [-1.1920929e-07  3.4241585e+01]]
Current dist mean: [1.293416  1.8031113]
Current dist cov: [[ 4.1565247  0.       ]
 [ 0.        39.230003 ]]
Current dist mean: [1.3301295 0.5537067]
Current dist cov: [[ 4.0571737e+00 -2.3841858e-07]
 [ 0.0000000e+00  3.8854572e+01]]
Current dist mean: [0.5        1.2101401  0.00808632]
Current dist cov: [[ 0.0833225  -0.22334561 -0.27197927]
 [-0.22334558  4.2682123   1.5308919 ]
 [-0.27197924  1.530892   28.476059  ]]
Current dist mean: [ 0.93959737 -0.54459465]
Current dist cov: [[ 7.3679395  0.       ]
 [ 0.        43.021248 ]]
Current dist mean: [1.0139918 2.6039066]
Current dist cov: [[ 7.692423   2.3077269]
 [ 2.3077269 30.960363 ]]
Current dist mean: [0.5       1.2587862 3.8685112]
Current dist cov: [[ 0.08332248  0.1659563   0.4652885 ]
 [ 0.1659563   7.6119475   1.1991066 ]
 [ 0.46528852  1.1991067  39.024063  ]]
Current dist mean: [0.5        1.7860657  0.42846045]
Current dist cov: [[8.3322495e-02 2.6245918e-02 2.7040541e-02]
 [2.6245926e-02 6.6359253e+00 1.0925293e-02]
 [2.7040601e-02 1.0925055e-02 4.1671192e+01]]
Current dist mean: [0.49999997 1.3200661  2.3931632 ]
Current dist cov: [[ 0.08332251 -0.04853547 -0.7335732 ]
 [-0.04853548  5.306145    0.5480899 ]
 [-0.73357326  0.54809016 35.566772  ]]
Current dist mean: [ 0.49999997  0.34679443 -1.4797922 ]
Current dist cov: [[ 0.08332251 -0.4356859  -0.6859213 ]
 [-0.4356859   4.3047705   4.6004148 ]
 [-0.6859213   4.6004148  42.904198  ]]
Current dist mean: [1.293416  3.8340645]
Current dist cov: [[ 4.1565247  0.       ]
 [ 0.        34.241585 ]]
Current dist mean: [1.2934157 1.8031108]
Current dist cov: [[ 4.1565247  0.       ]
 [ 0.        39.229992 ]]
Current dist mean: [1.3301295 0.5537072]
Current dist cov: [[4.0571728e+00 0.0000000e+00]
 [2.3841858e-07 3.8854568e+01]]
